1.482943147420883179e-01;4.906566441059112549e-01;1.685157716274261475e-01
-2.573509216308593750e-01;-2.641211450099945068e-01;1.772689670324325562e-01
2.723225057125091553e-01;-6.712099313735961914e-01;1.750477850437164307e-01
1.194620430469512939e-01;-3.415996730327606201e-01;-2.004625350236892700e-01
2.636148631572723389e-01;-5.619155764579772949e-01;-3.142632842063903809e-01
-2.936334609985351562e-01;3.643411695957183838e-01;1.653363108634948730e-01
-1.519131101667881012e-02;-3.675875812768936157e-02;-1.219605654478073120e-01
-1.387540251016616821e-01;1.507975161075592041e-01;1.779012978076934814e-01
-8.660460263490676880e-02;4.425234496593475342e-01;1.723023951053619385e-01
-2.858218848705291748e-01;4.568972885608673096e-01;1.715208739042282104e-01
-9.800398349761962891e-02;7.972262501716613770e-01;1.825071424245834351e-01
1.192524060606956482e-01;8.290320038795471191e-01;1.988207250833511353e-01
-2.878289520740509033e-01;-7.347286939620971680e-01;-3.378853201866149902e-01
-2.690843641757965088e-01;-5.986095666885375977e-01;1.843072026968002319e-01
-1.585837602615356445e-01;-9.545551985502243042e-02;7.468858361244201660e-02
5.486843734979629517e-02;-3.465575277805328369e-01;-2.013248950242996216e-01
-3.346994221210479736e-01;-3.141858801245689392e-02;-2.288052588701248169e-01
2.877220511436462402e-01;-2.223067879676818848e-01;-3.418371379375457764e-01
1.544911116361618042e-01;4.706619083881378174e-01;1.663335859775543213e-01
1.415120363235473633e-01;1.416052579879760742e-01;1.813515871763229370e-01
2.677523195743560791e-01;-5.708862543106079102e-01;1.639342904090881348e-01
2.764114737510681152e-01;-1.967134475708007812e-01;3.136963769793510437e-02
2.860047817230224609e-01;6.717954277992248535e-01;1.823827624320983887e-01
2.946768105030059814e-01;-3.452402353286743164e-02;1.212577223777770996e-01
-2.637576758861541748e-01;-3.883059918880462646e-01;-3.277084529399871826e-01
2.700976431369781494e-01;-2.689265012741088867e-01;1.800961196422576904e-01
-2.546196579933166504e-01;-3.278321921825408936e-01;1.759466528892517090e-01
8.644945174455642700e-02;-5.534069985151290894e-02;1.496218703687191010e-02
3.041593432426452637e-01;-4.385453090071678162e-02;-6.999260187149047852e-02
3.215457201004028320e-01;-3.179898113012313843e-02;-3.697706460952758789e-01
-1.782980114221572876e-01;-6.192719563841819763e-02;-1.321163401007652283e-02
6.813455373048782349e-03;7.934972047805786133e-01;1.859385520219802856e-01
-3.141912817955017090e-01;1.485794782638549805e-01;1.749419271945953369e-01
1.393477320671081543e-01;-7.501296699047088623e-02;-2.504224181175231934e-01
-1.192771717905998230e-01;6.301960945129394531e-01;1.812401264905929565e-01
2.939632236957550049e-01;9.767413139343261719e-04;1.859181821346282959e-01
-2.075362652540206909e-01;-1.009890139102935791e-01;-3.570795059204101562e-01
2.871775031089782715e-01;4.603695571422576904e-01;1.797918528318405151e-01
8.120583370327949524e-03;2.521051466464996338e-01;1.731099635362625122e-01
-3.063445091247558594e-01;-3.754281252622604370e-02;8.406652510166168213e-02
-1.434798389673233032e-01;-3.750057518482208252e-02;-2.478194385766983032e-01
1.452707219868898392e-03;4.831360876560211182e-01;1.711060702800750732e-01
-3.228983283042907715e-01;-3.355485200881958008e-02;-3.400849923491477966e-02
-2.697757482528686523e-01;-6.645743250846862793e-01;1.797475367784500122e-01
2.926117274910211563e-03;-4.179319739341735840e-02;1.642479300498962402e-01
2.765137553215026855e-01;8.463775515556335449e-01;1.934368610382080078e-01
-2.568131685256958008e-01;-2.228269875049591064e-01;-1.725697144865989685e-02
-2.623108625411987305e-01;-2.586638927459716797e-01;-3.154026865959167480e-01
1.357845664024353027e-01;-8.122096210718154907e-02;8.354276418685913086e-02
-3.102883696556091309e-01;-3.796752542257308960e-02;-3.647356927394866943e-01
-1.410991549491882324e-01;-3.420460522174835205e-01;-1.971554011106491089e-01
2.802839577198028564e-01;-3.748447000980377197e-01;-3.329739570617675781e-01
-1.437264680862426758e-01;-3.454370796680450439e-01;-1.929581165313720703e-01
-2.869465649127960205e-01;7.079846262931823730e-01;1.835259497165679932e-01
-2.792111635208129883e-01;8.626811504364013672e-01;1.926686763763427734e-01
2.895164787769317627e-01;-7.274698019027709961e-01;-3.325012028217315674e-01
2.681620419025421143e-01;-4.445365369319915771e-01;1.675854027271270752e-01
-4.826863296329975128e-03;-5.022509023547172546e-02;-3.791861832141876221e-01
-1.455312818288803101e-01;-1.153622344136238098e-01;1.987028717994689941e-01
1.548627614974975586e-01;5.682895779609680176e-01;1.690806150436401367e-01
-2.096211351454257965e-02;-4.771004989743232727e-02;1.737639456987380981e-01
1.361815035343170166e-01;-1.857528388500213623e-01;1.949808746576309204e-01
1.471332013607025146e-01;-5.824916437268257141e-02;-3.666575551033020020e-01
3.173177540302276611e-01;-3.403947129845619202e-02;-1.834194958209991455e-01
