3.103623986244201660e-01;6.567171961069107056e-02;2.409031689167022705e-01
-3.540391325950622559e-01;-2.190207540988922119e-01;2.099807560443878174e-01
3.850987851619720459e-01;-7.773193120956420898e-01;3.023651242256164551e-01
2.380429953336715698e-01;-4.153995588421821594e-02;-1.784991472959518433e-01
4.021000266075134277e-01;-5.406648516654968262e-01;-4.333034157752990723e-01
-4.317493736743927002e-01;2.662329971790313721e-01;8.746242150664329529e-03
-4.396785795688629150e-02;-6.762498617172241211e-02;-2.216036319732666016e-01
-2.083410620689392090e-01;1.265985369682312012e-01;2.632676661014556885e-01
4.819583594799041748e-01;3.103164732456207275e-01;-2.450847923755645752e-01
-3.162628114223480225e-01;2.140955626964569092e-01;2.617096900939941406e-01
-1.682796329259872437e-01;4.849704802036285400e-01;3.223524093627929688e-01
2.614335715770721436e-01;3.774169981479644775e-01;3.285406827926635742e-01
-4.171771109104156494e-01;-7.809963822364807129e-01;-4.589815139770507812e-01
-3.949907124042510986e-01;-6.194421052932739258e-01;2.652419507503509521e-01
-1.149462610483169556e-01;-7.043748348951339722e-02;1.136426925659179688e-01
7.144447416067123413e-02;-7.024313509464263916e-02;-3.243220150470733643e-01
-4.566258192062377930e-01;2.545121312141418457e-01;-3.090999424457550049e-01
3.975270390510559082e-01;-1.749906539916992188e-01;-4.337852895259857178e-01
2.511226236820220947e-01;2.902651429176330566e-01;2.927774786949157715e-01
2.675963640213012695e-01;1.825268566608428955e-02;2.287108451128005981e-01
3.849685788154602051e-01;-5.925045609474182129e-01;2.703690826892852783e-01
3.627690374851226807e-01;-4.877960309386253357e-02;4.106309264898300171e-03
3.676580488681793213e-01;3.164244890213012695e-01;2.614241540431976318e-01
4.877631962299346924e-01;2.902303636074066162e-01;-1.707499027252197266e-01
-3.957589566707611084e-01;-4.018327295780181885e-01;-4.467577040195465088e-01
3.686528801918029785e-01;-2.327902317047119141e-01;2.186822295188903809e-01
-4.144085049629211426e-01;-4.076845645904541016e-01;2.271185070276260376e-01
3.971431776881217957e-02;-7.321380823850631714e-02;-5.874291434884071350e-02
3.828916251659393311e-01;-2.353689819574356079e-02;-2.741853892803192139e-01
4.060521125793457031e-01;-4.599923640489578247e-02;-3.805227875709533691e-01
-2.087927907705307007e-01;-5.712369084358215332e-02;-1.352025866508483887e-01
6.094498559832572937e-03;4.938965141773223877e-01;3.452221751213073730e-01
-3.211880326271057129e-01;9.431327134370803833e-02;2.466686815023422241e-01
2.164744585752487183e-01;-3.412223979830741882e-02;-2.830829322338104248e-01
-2.164210528135299683e-01;3.723422586917877197e-01;3.201616108417510986e-01
3.236084282398223877e-01;3.506455570459365845e-02;2.423040419816970825e-01
-2.036773860454559326e-01;-8.283023536205291748e-02;-4.370743930339813232e-01
4.789695739746093750e-01;2.742983400821685791e-01;-2.019975334405899048e-02
4.225300624966621399e-02;1.758494973182678223e-01;2.838175594806671143e-01
-3.357354998588562012e-01;-4.377581924200057983e-02;6.668825447559356689e-02
-1.885882765054702759e-01;-3.589656203985214233e-02;-2.813749015331268311e-01
2.885808795690536499e-02;3.435804247856140137e-01;3.219891786575317383e-01
-4.685352742671966553e-01;2.711559236049652100e-01;-1.981232017278671265e-01
-3.718591928482055664e-01;-7.837287187576293945e-01;3.036684691905975342e-01
3.007041290402412415e-02;-7.220022380352020264e-02;9.953178465366363525e-02
3.341192603111267090e-01;4.775514304637908936e-01;3.072831034660339355e-01
-3.480207920074462891e-01;-5.720899254083633423e-02;-5.925972387194633484e-02
-4.002737402915954590e-01;-1.864227652549743652e-01;-4.489329159259796143e-01
2.521056234836578369e-01;-5.051065608859062195e-02;-2.493673563003540039e-02
-4.136362075805664062e-01;1.997333765029907227e-02;-4.118592143058776855e-01
-4.258758127689361572e-01;-6.102368831634521484e-01;-4.636355638504028320e-01
4.103330969810485840e-01;-3.690760731697082520e-01;-4.472912549972534180e-01
-3.507237136363983154e-01;-2.241418138146400452e-02;-2.630209326744079590e-01
-3.543787896633148193e-01;3.400972187519073486e-01;2.602436542510986328e-01
-3.186438679695129395e-01;4.631334245204925537e-01;2.946260869503021240e-01
4.289633929729461670e-01;-7.830995321273803711e-01;-4.574945569038391113e-01
3.889362514019012451e-01;-4.130485951900482178e-01;2.298386543989181519e-01
6.007239222526550293e-03;-7.802787423133850098e-02;-4.373035728931427002e-01
-3.624763190746307373e-01;-1.821309030055999756e-01;2.110030204057693481e-01
2.756494283676147461e-01;3.858805894851684570e-01;3.106533288955688477e-01
-2.500722184777259827e-02;-2.776860445737838745e-02;2.132981866598129272e-01
1.184116601943969727e-01;-7.371427863836288452e-02;1.364572942256927490e-01
2.330270409584045410e-01;-7.053779810667037964e-02;-4.428678154945373535e-01
4.876244664192199707e-01;2.618882954120635986e-01;-3.082235753536224365e-01
