1.482943147420883179e-01;4.906566441059112549e-01;1.685157716274261475e-01
-3.167684078216552734e-01;-1.811611652374267578e-01;1.503468602895736694e-01
3.425832390785217285e-01;-8.442397117614746094e-01;1.285804808139801025e-01
2.057681977748870850e-01;-1.516410708427429199e-01;-5.792716518044471741e-02
3.310026824474334717e-01;-6.556402444839477539e-01;-4.099709689617156982e-01
-3.126231729984283447e-01;3.484161496162414551e-01;1.328791826963424683e-01
-9.006498381495475769e-03;-1.459969878196716309e-01;-1.019792407751083374e-01
-1.401744186878204346e-01;1.952197849750518799e-01;1.799253523349761963e-01
-7.870066910982131958e-02;4.133331477642059326e-01;1.916882693767547607e-01
-1.825685799121856689e-01;4.721053540706634521e-01;1.710920333862304688e-01
-1.739547401666641235e-01;6.896706223487854004e-01;1.813869327306747437e-01
1.589201837778091431e-01;7.021625638008117676e-01;1.675086766481399536e-01
-3.454212248325347900e-01;-8.227303624153137207e-01;-4.159081876277923584e-01
-3.309255540370941162e-01;-6.306630969047546387e-01;1.247778683900833130e-01
-1.307841539382934570e-01;-1.784047633409500122e-01;2.165680974721908569e-01
3.249722532927989960e-03;-1.615076363086700439e-01;-2.935429811477661133e-01
-3.779367208480834961e-01;-1.548590958118438721e-01;-2.305679470300674438e-01
3.675940632820129395e-01;-1.879155337810516357e-01;-2.103435248136520386e-01
1.504612863063812256e-01;3.991942703723907471e-01;1.806596070528030396e-01
1.401125937700271606e-01;1.395635306835174561e-01;1.807335466146469116e-01
3.430709242820739746e-01;-6.279636621475219727e-01;1.332319080829620361e-01
3.601903319358825684e-01;-1.671031415462493896e-01;1.414412558078765869e-01
3.394375145435333252e-01;5.980301499366760254e-01;1.235803067684173584e-01
2.818727791309356689e-01;2.605194598436355591e-02;1.307971179485321045e-01
-3.280724883079528809e-01;-4.584587812423706055e-01;-4.109654426574707031e-01
3.401841819286346436e-01;-2.518110275268554688e-01;1.291977465152740479e-01
-3.418641388416290283e-01;-4.752092957496643066e-01;1.308068037033081055e-01
1.224051415920257568e-02;-1.424249410629272461e-01;4.374884814023971558e-02
3.883838057518005371e-01;-1.807136833667755127e-01;-7.480262219905853271e-02
3.464193940162658691e-01;-1.438388824462890625e-01;-4.209044277667999268e-01
-2.164708971977233887e-01;-1.397980153560638428e-01;-8.665612339973449707e-02
-1.840866170823574066e-03;7.142417430877685547e-01;2.063168287277221680e-01
-3.076079487800598145e-01;4.472725838422775269e-02;1.422586292028427124e-01
1.931508928537368774e-01;-1.458875536918640137e-01;-2.343596369028091431e-01
-1.797904223203659058e-01;5.949805974960327148e-01;1.810512989759445190e-01
3.105534911155700684e-01;-7.629014551639556885e-03;1.366973072290420532e-01
-1.650142818689346313e-01;-1.392679214477539062e-01;-4.347007870674133301e-01
3.406753540039062500e-01;4.420156180858612061e-01;1.167041361331939697e-01
3.273776173591613770e-02;2.939032316207885742e-01;1.920858472585678101e-01
-3.227005898952484131e-01;-1.019724830985069275e-02;1.327137500047683716e-01
-1.802704781293869019e-01;-1.484176814556121826e-01;-2.521639764308929443e-01
1.139958854764699936e-03;5.432634353637695312e-01;1.978774517774581909e-01
-3.736568093299865723e-01;-1.652137190103530884e-01;-3.055127337574958801e-02
-3.325741887092590332e-01;-8.367683291435241699e-01;1.271251291036605835e-01
1.691227592527866364e-02;2.766916155815124512e-02;1.916985213756561279e-01
3.496412038803100586e-01;6.942225694656372070e-01;1.480933129787445068e-01
-3.509128987789154053e-01;-2.504370212554931641e-01;1.217078417539596558e-01
-3.330325186252593994e-01;-2.765531241893768311e-01;-3.954147398471832275e-01
1.620846092700958252e-01;-1.241603046655654907e-01;1.240477263927459717e-01
-3.361892402172088623e-01;-1.379047930240631104e-01;-4.315519034862518311e-01
-3.290779292583465576e-01;-6.596424579620361328e-01;-4.056652784347534180e-01
3.451564908027648926e-01;-4.646700024604797363e-01;-4.125321507453918457e-01
-2.228953689336776733e-01;-1.437224298715591431e-01;-9.999576210975646973e-02
-3.536972105503082275e-01;5.695734620094299316e-01;1.214143931865692139e-01
-3.542393147945404053e-01;7.025277614593505859e-01;1.371197551488876343e-01
3.473390042781829834e-01;-8.325644731521606445e-01;-4.207684695720672607e-01
3.514396250247955322e-01;-4.615122675895690918e-01;1.348579078912734985e-01
-1.316267438232898712e-02;-1.478122174739837646e-01;-4.390818774700164795e-01
-1.486812829971313477e-01;2.489085495471954346e-02;1.756676435470581055e-01
1.568142622709274292e-01;5.651455521583557129e-01;1.630236208438873291e-01
-1.056356914341449738e-02;-1.423334181308746338e-01;2.141637653112411499e-01
1.571470946073532104e-01;-1.707754731178283691e-01;2.319423705339431763e-01
1.766338199377059937e-01;-1.356532871723175049e-01;-4.217311441898345947e-01
4.096527397632598877e-01;-2.233932018280029297e-01;-1.941873729228973389e-01
