1.482943147420883179e-01;4.906566441059112549e-01;1.685157716274261475e-01
-2.801670730113983154e-01;-2.415874302387237549e-01;1.794757992029190063e-01
2.995636165142059326e-01;-8.211314082145690918e-01;1.946053355932235718e-01
1.630747616291046143e-01;-1.035506501793861389e-01;-1.041575521230697632e-01
3.059943914413452148e-01;-6.381720900535583496e-01;-4.431962668895721436e-01
-2.757211625576019287e-01;2.986199259757995605e-01;1.871658414602279663e-01
-2.425540797412395477e-02;-8.246633410453796387e-02;-1.334925889968872070e-01
-1.150726526975631714e-01;1.798881590366363525e-01;2.040988951921463013e-01
-8.294659852981567383e-02;3.563698232173919678e-01;1.887507438659667969e-01
-2.154896855354309082e-01;4.394792616367340088e-01;1.829723268747329712e-01
-1.325255781412124634e-01;6.802538633346557617e-01;1.989789307117462158e-01
2.139194160699844360e-01;2.730691134929656982e-01;2.241955101490020752e-01
-2.994771599769592285e-01;-8.245957493782043457e-01;-4.476499557495117188e-01
-2.919102311134338379e-01;-6.431398987770080566e-01;1.912172287702560425e-01
-1.280405074357986450e-01;-1.048982739448547363e-01;1.231200098991394043e-01
7.511903531849384308e-03;-1.140612810850143433e-01;-3.085009455680847168e-01
-2.963984012603759766e-01;-1.030240878462791443e-01;-2.541925013065338135e-01
2.933880686759948730e-01;-2.909024953842163086e-01;-4.499557018280029297e-01
1.834362447261810303e-01;2.906165421009063721e-01;2.134384065866470337e-01
1.941491663455963135e-01;2.722420990467071533e-01;2.173729538917541504e-01
2.940773665904998779e-01;-6.335029602050781250e-01;1.864784806966781616e-01
2.865256071090698242e-01;-1.079282537102699280e-01;9.313587844371795654e-02
2.890236675739288330e-01;5.557835102081298828e-01;1.984587013721466064e-01
2.985336184501647949e-01;-1.130598485469818115e-01;7.227493822574615479e-02
-2.946863174438476562e-01;-4.573132395744323730e-01;-4.411887228488922119e-01
2.786903083324432373e-01;-2.827848196029663086e-01;1.826196014881134033e-01
-2.916199862957000732e-01;-4.566543698310852051e-01;1.899740546941757202e-01
1.896985620260238647e-02;-1.032560765743255615e-01;3.040357306599617004e-02
3.044776320457458496e-01;-1.087741702795028687e-01;-1.328295767307281494e-01
3.065861761569976807e-01;-1.086047366261482239e-01;-4.498235285282135010e-01
-1.345345079898834229e-01;-9.922175109386444092e-02;-1.305218040943145752e-02
1.846719160676002502e-02;6.497976183891296387e-01;1.909032613039016724e-01
-2.862935960292816162e-01;1.439131796360015869e-01;1.925588548183441162e-01
1.534128487110137939e-01;-1.029260456562042236e-01;-2.640221714973449707e-01
-1.537504941225051880e-01;5.619465112686157227e-01;1.699695587158203125e-01
2.892791032791137695e-01;-5.622070282697677612e-03;2.025477886199951172e-01
-1.539251357316970825e-01;-1.010310947895050049e-01;-4.492981731891632080e-01
2.881683707237243652e-01;3.820222616195678711e-01;1.977284699678421021e-01
3.222552686929702759e-02;2.806958556175231934e-01;1.903961151838302612e-01
-2.874281108379364014e-01;-3.435719758272171021e-02;1.882662922143936157e-01
-1.459187865257263184e-01;-9.749668836593627930e-02;-2.963498532772064209e-01
1.942986994981765747e-02;4.650222957134246826e-01;1.786697506904602051e-01
-2.989431619644165039e-01;-1.100931912660598755e-01;-6.753367185592651367e-02
-2.932859659194946289e-01;-8.267165422439575195e-01;2.009127885103225708e-01
1.465391367673873901e-02;-2.091424167156219482e-02;1.821208894252777100e-01
2.906367480754852295e-01;7.148221731185913086e-01;2.030744850635528564e-01
-2.879866659641265869e-01;-1.260400563478469849e-01;1.223567724227905273e-01
-2.894333600997924805e-01;-2.895061373710632324e-01;-4.526288509368896484e-01
1.444090008735656738e-01;-1.039078086614608765e-01;4.751121252775192261e-02
-3.000284731388092041e-01;-1.146348565816879272e-01;-4.506847858428955078e-01
-2.973526716232299805e-01;-6.511886119842529297e-01;-4.431669414043426514e-01
2.967213392257690430e-01;-4.679344892501831055e-01;-4.482309520244598389e-01
-1.705916225910186768e-01;-1.057965829968452454e-01;-1.529315859079360962e-01
-2.504124641418457031e-01;5.530225634574890137e-01;1.951377093791961670e-01
-2.890318036079406738e-01;7.204121947288513184e-01;2.096590250730514526e-01
3.103934228420257568e-01;-7.781093716621398926e-01;-4.426399469375610352e-01
2.898106276988983154e-01;-4.521031081676483154e-01;1.836453676223754883e-01
8.508469909429550171e-03;-1.145210117101669312e-01;-4.485510885715484619e-01
-1.746196150779724121e-01;1.324297487735748291e-02;1.954925507307052612e-01
1.467315852642059326e-01;5.171198248863220215e-01;1.786889880895614624e-01
-1.071195118129253387e-02;-1.553215831518173218e-02;1.867178827524185181e-01
1.415812969207763672e-01;-4.191461205482482910e-02;1.890439093112945557e-01
1.526767462491989136e-01;-1.068373769521713257e-01;-4.468909800052642822e-01
2.998816668987274170e-01;-1.050261110067367554e-01;-2.982268333435058594e-01
