5.527102947235107422e-01;7.525230199098587036e-02;1.301534771919250488e-01
-5.477809906005859375e-01;-1.461369991302490234e-01;2.094153314828872681e-01
5.590138435363769531e-01;-6.727656722068786621e-01;3.000084459781646729e-01
4.806175529956817627e-01;-1.472885459661483765e-01;-1.839314699172973633e-01
5.536475181579589844e-01;-3.007598221302032471e-01;-2.718501985073089600e-01
-5.490869283676147461e-01;2.170792818069458008e-01;1.019453071057796478e-02
-5.581946298480033875e-02;3.022752702236175537e-03;-1.242926269769668579e-01
-3.072956204414367676e-01;8.873806148767471313e-02;2.588985264301300049e-01
4.819583594799041748e-01;3.103164732456207275e-01;-2.450847923755645752e-01
-5.189641118049621582e-01;2.419129312038421631e-01;2.734339237213134766e-01
-2.010920345783233643e-01;5.076282024383544922e-01;3.361633718013763428e-01
1.989693790674209595e-01;4.999059140682220459e-01;3.373042345046997070e-01
-5.800535082817077637e-01;-6.872712373733520508e-01;-4.354003369808197021e-01
-5.827833414077758789e-01;-4.814092814922332764e-01;2.662698626518249512e-01
-1.867940872907638550e-01;-1.216460764408111572e-02;6.587561219930648804e-02
8.919309079647064209e-02;-6.871320307254791260e-03;-2.909415364265441895e-01
-5.170435905456542969e-01;2.925963401794433594e-01;-4.048895239830017090e-01
5.092024803161621094e-01;-1.007952541112899780e-01;-3.311036527156829834e-01
3.419226109981536865e-01;2.478719055652618408e-01;2.748363912105560303e-01
3.128747344017028809e-01;9.387318044900894165e-02;2.509731054306030273e-01
5.553586483001708984e-01;-4.012357592582702637e-01;2.494115978479385376e-01
5.276159048080444336e-01;-1.218785047531127930e-01;-1.157660782337188721e-01
4.714294672012329102e-01;3.416724205017089844e-01;3.153855502605438232e-01
5.173072814941406250e-01;2.935987412929534912e-01;-1.896953880786895752e-01
-5.501543879508972168e-01;-2.816398143768310547e-01;-3.909478485584259033e-01
5.686906576156616211e-01;-1.111124902963638306e-01;2.126258462667465210e-01
-5.851437449455261230e-01;-2.523952722549438477e-01;2.252066433429718018e-01
8.033511787652969360e-02;-2.805046737194061279e-03;-3.813325241208076477e-02
5.184927582740783691e-01;-9.237563610076904297e-02;-1.642399877309799194e-01
4.358660876750946045e-01;2.175090461969375610e-02;-4.373053908348083496e-01
-3.947613239288330078e-01;1.334425806999206543e-02;-1.363602429628372192e-01
1.193189248442649841e-02;4.916876256465911865e-01;3.414650261402130127e-01
-5.452495813369750977e-01;-2.231396734714508057e-03;2.191137522459030151e-01
2.412370741367340088e-01;9.016990661621093750e-04;-2.923693358898162842e-01
-3.184168934822082520e-01;3.304784595966339111e-01;2.905300855636596680e-01
5.452438592910766602e-01;3.563687950372695923e-02;8.565349876880645752e-02
-2.106441855430603027e-01;-3.715938329696655273e-02;-4.640290141105651855e-01
5.456438064575195312e-01;2.850438654422760010e-01;-1.937683671712875366e-02
8.323781937360763550e-02;1.058086082339286804e-01;2.637187838554382324e-01
-4.941624402999877930e-01;9.335502982139587402e-04;3.861124813556671143e-02
-3.436241447925567627e-01;-1.405216753482818604e-03;-2.907100617885589600e-01
2.285530976951122284e-02;3.862580358982086182e-01;3.250733017921447754e-01
-5.370889306068420410e-01;2.986488342285156250e-01;-1.854553073644638062e-01
-5.550872087478637695e-01;-6.497592926025390625e-01;2.963973581790924072e-01
5.231437459588050842e-02;-7.440268993377685547e-02;1.542226970195770264e-01
4.692818820476531982e-01;5.145215988159179688e-01;3.401968777179718018e-01
-4.900798499584197998e-01;8.826330304145812988e-03;-1.570307090878486633e-02
-5.264226198196411133e-01;-7.369421422481536865e-03;-4.130933284759521484e-01
3.379848003387451172e-01;-1.256389915943145752e-02;2.360191568732261658e-02
-5.250244736671447754e-01;6.021243333816528320e-02;-4.224682152271270752e-01
-5.391151309013366699e-01;-4.235977828502655029e-01;-3.903561830520629883e-01
5.461507439613342285e-01;-2.995714247226715088e-01;-3.186656534671783447e-01
-5.265952348709106445e-01;5.607166886329650879e-02;-2.268432974815368652e-01
-5.194224715232849121e-01;3.299068212509155273e-01;2.917323708534240723e-01
-4.791018962860107422e-01;5.011573433876037598e-01;3.188377320766448975e-01
5.731550455093383789e-01;-6.772996187210083008e-01;-4.450246393680572510e-01
5.503554940223693848e-01;-3.247449994087219238e-01;2.409888952970504761e-01
-1.137190498411655426e-03;-3.153931722044944763e-02;-4.390517473220825195e-01
-3.063526749610900879e-01;-6.639853119850158691e-02;2.300692647695541382e-01
3.647227287292480469e-01;3.035812973976135254e-01;2.860857844352722168e-01
-1.739759370684623718e-02;-6.543727964162826538e-02;1.935531049966812134e-01
2.410701811313629150e-01;-9.638240188360214233e-02;1.624039411544799805e-01
2.722262144088745117e-01;-1.534793525934219360e-02;-4.411196410655975342e-01
5.200715065002441406e-01;2.919948697090148926e-01;-3.550239503383636475e-01
