4.769798815250396729e-01;6.514211744070053101e-02;2.546511590480804443e-01
-3.122355639934539795e-01;-2.317363023757934570e-01;2.398216277360916138e-01
4.794501066207885742e-01;-6.924026608467102051e-01;2.748727500438690186e-01
2.737376689910888672e-01;-2.728362083435058594e-01;-1.723287850618362427e-01
4.614779353141784668e-01;-4.512131512165069580e-01;-4.842897057533264160e-01
-4.720681011676788330e-01;6.300876736640930176e-01;3.121460080146789551e-01
-1.156036276370286942e-02;-5.028177425265312195e-02;-1.308473795652389526e-01
-2.207902073860168457e-01;5.637578666210174561e-03;3.060484826564788818e-01
-1.505202203989028931e-01;2.896354496479034424e-01;3.006464242935180664e-01
-4.798776209354400635e-01;2.819935381412506104e-01;2.811555564403533936e-01
-2.058417946100234985e-01;6.380613446235656738e-01;3.310812711715698242e-01
2.057286649942398071e-01;6.227195262908935547e-01;3.604777157306671143e-01
-4.681368172168731689e-01;-7.092261910438537598e-01;-5.230796933174133301e-01
-4.796915352344512939e-01;-4.791349768638610840e-01;2.552916109561920166e-01
-7.395586371421813965e-02;-2.571412324905395508e-01;-5.723912268877029419e-03
1.374981366097927094e-02;-2.473305165767669678e-01;-2.851667702198028564e-01
-4.855394363403320312e-01;2.477523982524871826e-01;-4.118076264858245850e-01
4.765331447124481201e-01;-1.506916582584381104e-01;-4.743393659591674805e-01
2.521660625934600830e-01;3.483748435974121094e-01;3.170082867145538330e-01
2.231218367815017700e-01;-4.141643270850181580e-02;3.034899532794952393e-01
4.587323069572448730e-01;-4.398004114627838135e-01;2.484073787927627563e-01
4.973338544368743896e-01;-1.505492925643920898e-01;-5.787568911910057068e-02
4.650863111019134521e-01;4.436683952808380127e-01;3.110754489898681641e-01
4.929564297199249268e-01;2.948028743267059326e-01;-1.569360494613647461e-01
-1.965803503990173340e-01;-2.321330904960632324e-01;-3.201963603496551514e-01
4.626425206661224365e-01;-1.246313303709030151e-01;2.557563781738281250e-01
-3.088574409484863281e-01;-2.611054778099060059e-01;2.200864702463150024e-01
1.965664885938167572e-02;-2.562544345855712891e-01;-3.016153350472450256e-02
4.949180185794830322e-01;-1.291292905807495117e-01;-1.608581990003585815e-01
4.451391994953155518e-01;2.529059350490570068e-02;-4.489879906177520752e-01
-2.177700102329254150e-01;-5.005048587918281555e-02;-1.972703188657760620e-01
1.107477955520153046e-02;5.989730954170227051e-01;3.339216411113739014e-01
-4.246807098388671875e-01;-7.428364455699920654e-02;2.732730805873870850e-01
2.451348900794982910e-01;-3.819147497415542603e-02;-2.658829092979431152e-01
-2.592968642711639404e-01;4.690290987491607666e-01;3.200059235095977783e-01
4.792639315128326416e-01;-3.194157034158706665e-03;2.727588117122650146e-01
-1.819151937961578369e-01;-1.103404313325881958e-01;-4.833320379257202148e-01
4.983833730220794678e-01;3.039304912090301514e-01;3.017022833228111267e-02
9.664025902748107910e-02;3.021522611379623413e-02;3.015252053737640381e-01
-4.352694749832153320e-01;-1.001664549112319946e-01;4.638920724391937256e-02
-2.262009233236312866e-01;-3.841966763138771057e-02;-2.892031073570251465e-01
2.281708084046840668e-02;3.681077361106872559e-01;3.138748109340667725e-01
-4.941121339797973633e-01;2.973409593105316162e-01;-1.198007613420486450e-01
-4.594830870628356934e-01;-6.377505660057067871e-01;2.798026204109191895e-01
2.057424187660217285e-02;-5.263396352529525757e-02;8.475762605667114258e-02
4.599629342555999756e-01;6.752249598503112793e-01;3.155111372470855713e-01
-3.944604098796844482e-01;-2.785608768463134766e-01;-7.987113296985626221e-02
-4.462913274765014648e-01;-1.583925783634185791e-01;-4.692186713218688965e-01
2.479397356510162354e-01;-7.171276956796646118e-02;1.781046204268932343e-02
-4.738938212394714355e-01;5.548503249883651733e-02;-4.712241888046264648e-01
-4.645570218563079834e-01;-4.464441835880279541e-01;-5.059942603111267090e-01
2.897224724292755127e-01;-2.286293804645538330e-01;-4.306852519512176514e-01
-4.426140487194061279e-01;-1.351473033428192139e-01;-2.289122939109802246e-01
-4.921942353248596191e-01;4.358096420764923096e-01;2.766714394092559814e-01
-4.567196667194366455e-01;6.461088061332702637e-01;2.897621095180511475e-01
4.827895462512969971e-01;-6.879405975341796875e-01;-5.278384089469909668e-01
4.505136609077453613e-01;-2.246698141098022461e-01;1.965018659830093384e-01
1.301776617765426636e-02;-1.063605323433876038e-01;-4.775254726409912109e-01
-2.263638973236083984e-01;-7.535976171493530273e-02;3.164588212966918945e-01
2.600075304508209229e-01;4.411258399486541748e-01;3.180102705955505371e-01
4.574258252978324890e-02;-1.635716110467910767e-01;3.035773634910583496e-01
2.456834614276885986e-01;-2.120842337608337402e-01;2.751021087169647217e-01
2.462750971317291260e-01;-8.488110452890396118e-02;-4.982243776321411133e-01
5.130332708358764648e-01;2.662567794322967529e-01;-4.116255342960357666e-01
