5.166218280792236328e-01;2.125414013862609863e-01;3.735145330429077148e-01
-5.129688382148742676e-01;-4.198175668716430664e-01;1.492276191711425781e-01
5.296987891197204590e-01;-5.405489206314086914e-01;3.998143374919891357e-01
3.413646817207336426e-01;-4.390142560005187988e-01;-3.177772462368011475e-01
5.207759141921997070e-01;-4.163292944431304932e-01;-3.304989635944366455e-01
-5.278534889221191406e-01;2.829099595546722412e-01;4.831852763891220093e-02
-1.847389340400695801e-02;-1.824658364057540894e-03;-2.687257230281829834e-01
-1.045830547809600830e-01;9.313192218542098999e-02;1.696847081184387207e-01
4.819583594799041748e-01;3.103164732456207275e-01;-2.450847923755645752e-01
-4.908824563026428223e-01;2.919763028621673584e-01;3.918034136295318604e-01
-2.085589468479156494e-01;6.342011690139770508e-01;3.752927482128143311e-01
2.361294329166412354e-01;6.373108625411987305e-01;4.003424048423767090e-01
-4.754950702190399170e-01;-5.370675921440124512e-01;-5.429897308349609375e-01
-4.975685477256774902e-01;-4.517791271209716797e-01;1.481315195560455322e-01
-2.316245287656784058e-01;-2.716666460037231445e-01;1.511851847171783447e-01
1.381983887404203415e-02;-3.372920751571655273e-01;-3.897505402565002441e-01
-5.109432935714721680e-01;1.650601625442504883e-01;-4.724614024162292480e-01
5.269050002098083496e-01;-2.158437669277191162e-01;-5.976709723472595215e-01
3.670781552791595459e-01;2.151687741279602051e-01;3.273212313652038574e-01
3.817076683044433594e-01;-4.879760742187500000e-02;3.376434445381164551e-01
5.085809826850891113e-01;-3.921134769916534424e-01;3.729469478130340576e-01
5.070598125457763672e-01;-2.405327260494232178e-01;-4.758055135607719421e-02
4.990762174129486084e-01;4.089463651180267334e-01;3.287281394004821777e-01
5.055943131446838379e-01;3.021327853202819824e-01;-2.208629250526428223e-01
-2.027165889739990234e-01;-3.352010548114776611e-01;-5.432249903678894043e-01
5.229759812355041504e-01;-1.271700412034988403e-01;3.475373685359954834e-01
-3.171369731426239014e-01;-4.198245704174041748e-01;3.849579691886901855e-01
5.185676366090774536e-02;-2.945375144481658936e-01;-1.382447928190231323e-01
5.248206257820129395e-01;-3.378561884164810181e-02;-2.627809643745422363e-01
5.088821053504943848e-01;6.350938230752944946e-02;-5.525394082069396973e-01
-3.915927708148956299e-01;1.743736863136291504e-02;-1.459971815347671509e-02
2.189320325851440430e-02;5.515807271003723145e-01;3.610002994537353516e-01
-4.928763508796691895e-01;2.126209437847137451e-03;3.489126563072204590e-01
2.876747846603393555e-01;-9.295266121625900269e-03;-3.609776198863983154e-01
-3.061107993125915527e-01;4.533200562000274658e-01;2.786156833171844482e-01
5.203949213027954102e-01;-7.831823080778121948e-03;4.013385251164436340e-02
-1.979838013648986816e-01;-3.301668763160705566e-01;-5.513201355934143066e-01
5.537931919097900391e-01;3.254854381084442139e-01;9.065894410014152527e-03
4.329822212457656860e-02;9.288588911294937134e-02;3.349192738533020020e-01
-4.987984299659729004e-01;-1.078238338232040405e-02;4.476226121187210083e-02
-2.949380278587341309e-01;5.482554435729980469e-03;-3.841629326343536377e-01
4.652292653918266296e-02;3.758065104484558105e-01;3.244341015815734863e-01
-5.156290531158447266e-01;2.919504940509796143e-01;-2.242854535579681396e-01
-4.805401563644409180e-01;-5.379525423049926758e-01;3.885684907436370850e-01
-3.521491773426532745e-03;8.337231725454330444e-02;1.338140368461608887e-01
4.705040454864501953e-01;6.453640460968017578e-01;3.998613059520721436e-01
-4.797038435935974121e-01;-4.700758755207061768e-01;-2.060221135616302490e-01
-5.311877727508544922e-01;-2.104437053203582764e-01;-5.637871623039245605e-01
3.211308121681213379e-01;-3.403872251510620117e-03;-6.418560445308685303e-02
-5.223975181579589844e-01;5.073288828134536743e-02;-5.494082570075988770e-01
-3.858072459697723389e-01;-4.589862525463104248e-01;-3.145562112331390381e-01
1.999294459819793701e-01;-3.333565890789031982e-01;-5.668430328369140625e-01
-5.093196630477905273e-01;-1.555055677890777588e-01;-2.946227192878723145e-01
-4.781188964843750000e-01;3.721910417079925537e-01;3.142124414443969727e-01
-4.523279666900634766e-01;6.167779564857482910e-01;3.968166410923004150e-01
5.133764147758483887e-01;-5.446127057075500488e-01;-5.688890218734741211e-01
5.110774040222167969e-01;-4.514441490173339844e-01;1.298940628767013550e-01
3.879267349839210510e-02;-2.559471875429153442e-02;-5.670353770256042480e-01
-3.243871629238128662e-01;-6.212129443883895874e-02;3.346675634384155273e-01
3.528315126895904541e-01;3.952536880970001221e-01;3.238784372806549072e-01
2.371639758348464966e-02;-2.042606770992279053e-01;2.748163044452667236e-01
2.420554310083389282e-01;-2.783396840095520020e-01;1.461794525384902954e-01
2.527754306793212891e-01;-3.005042672157287598e-02;-5.641784071922302246e-01
5.128278732299804688e-01;2.705846726894378662e-01;-3.913910984992980957e-01
