4.852147698402404785e-01;2.188604474067687988e-01;3.956885635852813721e-01
-4.835703074932098389e-01;-2.629270553588867188e-01;1.851146668195724487e-01
4.690159261226654053e-01;-6.092781424522399902e-01;3.059010207653045654e-01
2.395161688327789307e-01;-2.163093090057373047e-01;-2.243215739727020264e-01
4.472563266754150391e-01;-3.830971419811248779e-01;-5.517992973327636719e-01
-4.720681011676788330e-01;6.300876736640930176e-01;3.121460080146789551e-01
-1.679925993084907532e-02;-2.835792675614356995e-02;-1.753279268741607666e-01
-1.842875480651855469e-01;4.256249964237213135e-02;2.054601162672042847e-01
-2.383783310651779175e-01;2.303510904312133789e-01;3.968921303749084473e-01
-4.544257223606109619e-01;2.558282017707824707e-01;3.815231621265411377e-01
-1.866565942764282227e-01;6.126515269279479980e-01;4.079156517982482910e-01
1.851122826337814331e-01;6.086112856864929199e-01;4.221186041831970215e-01
-4.758093953132629395e-01;-6.592814326286315918e-01;-5.613662600517272949e-01
-4.611021876335144043e-01;-3.569287061691284180e-01;1.878775209188461304e-01
-2.060652226209640503e-01;-2.142058610916137695e-01;1.755192875862121582e-01
-1.231154426932334900e-03;-2.020828723907470703e-01;-3.222839236259460449e-01
-4.862233400344848633e-01;1.380541324615478516e-01;-4.164899289608001709e-01
4.830961823463439941e-01;-1.834507286548614502e-01;-5.190292000770568848e-01
2.943696975708007812e-01;2.914075851440429688e-01;4.099828898906707764e-01
2.379272878170013428e-01;6.313994526863098145e-03;4.162826538085937500e-01
4.128212630748748779e-01;-3.443257808685302734e-01;3.312412202358245850e-01
4.798716902732849121e-01;-2.406324446201324463e-01;-1.505979150533676147e-02
4.652583301067352295e-01;4.869109094142913818e-01;2.831904292106628418e-01
4.624242782592773438e-01;1.397874057292938232e-01;-1.193963736295700073e-01
-1.784566342830657959e-01;-3.149374127388000488e-01;-5.631006956100463867e-01
4.831649363040924072e-01;-1.322989612817764282e-01;3.476193547248840332e-01
-2.995482385158538818e-01;-2.357738614082336426e-01;1.979810595512390137e-01
3.044272214174270630e-02;-1.715759783983230591e-01;-3.106793388724327087e-02
4.833436310291290283e-01;-5.673133954405784607e-02;-2.546460330486297607e-01
4.680939316749572754e-01;4.328223317861557007e-02;-5.691098570823669434e-01
-2.106572240591049194e-01;-2.198535576462745667e-02;-2.551209554076194763e-02
2.257617190480232239e-02;5.977542400360107422e-01;4.419233500957489014e-01
-4.665513038635253906e-01;9.011163562536239624e-02;3.860400319099426270e-01
1.862720400094985962e-01;-2.923084050416946411e-02;-3.686055839061737061e-01
-2.673972547054290771e-01;4.459067881107330322e-01;3.776994645595550537e-01
4.682758450508117676e-01;2.419038116931915283e-02;1.402521431446075439e-01
-2.054150402545928955e-01;-2.734070718288421631e-01;-5.660542249679565430e-01
4.672748148441314697e-01;3.204217255115509033e-01;3.404920399188995361e-01
2.915268763899803162e-02;1.889941841363906860e-02;4.149701893329620361e-01
-4.825386404991149902e-01;-7.615704089403152466e-03;1.118440181016921997e-01
-2.303693145513534546e-01;-1.523394510149955750e-02;-3.663422763347625732e-01
2.423534542322158813e-02;3.417173027992248535e-01;4.179280102252960205e-01
-4.790684580802917480e-01;1.522642672061920166e-01;-1.603600829839706421e-01
-4.712730348110198975e-01;-6.178126931190490723e-01;3.233094215393066406e-01
-7.928690873086452484e-03;4.613353312015533447e-02;1.769721210002899170e-01
4.687029719352722168e-01;6.296964287757873535e-01;2.769029140472412109e-01
-4.738905131816864014e-01;-2.392219305038452148e-01;-2.597348392009735107e-02
-4.643762707710266113e-01;-2.996211647987365723e-01;-5.554618239402770996e-01
2.503941357135772705e-01;-1.322953030467033386e-02;1.091219112277030945e-02
-4.493291079998016357e-01;1.030248478055000305e-01;-4.602564871311187744e-01
-4.610860347747802734e-01;-3.940225839614868164e-01;-5.150890350341796875e-01
1.781340390443801880e-01;-2.701249420642852783e-01;-5.420421957969665527e-01
-4.606312513351440430e-01;-9.232670068740844727e-02;-2.736424207687377930e-01
-4.854094088077545166e-01;4.266118407249450684e-01;2.893037497997283936e-01
-4.788396060466766357e-01;6.318182945251464844e-01;2.728843688964843750e-01
4.727458357810974121e-01;-6.345067620277404785e-01;-5.738835334777832031e-01
4.653519988059997559e-01;-2.208775877952575684e-01;9.897440671920776367e-02
1.606554724276065826e-02;-5.223748832941055298e-02;-5.822514891624450684e-01
-2.367939352989196777e-01;-4.723694548010826111e-02;3.983081579208374023e-01
2.734955549240112305e-01;3.909118771553039551e-01;3.972521424293518066e-01
1.649382710456848145e-02;-7.561344653367996216e-03;4.155512452125549316e-01
2.032671570777893066e-01;-2.133619189262390137e-01;1.832645833492279053e-01
2.533070445060729980e-01;-5.510769039392471313e-02;-5.821028947830200195e-01
4.709625244140625000e-01;8.958812803030014038e-02;-3.600416183471679688e-01
