4.583901166915893555e-01;1.721173822879791260e-01;3.473134934902191162e-01
-4.478262066841125488e-01;-1.800070106983184814e-01;2.198844105005264282e-01
4.625366926193237305e-01;-6.367934346199035645e-01;2.784712910652160645e-01
3.204352557659149170e-01;-3.798900246620178223e-01;-2.741935253143310547e-01
4.356367588043212891e-01;-4.601886272430419922e-01;-4.696829915046691895e-01
-4.720681011676788330e-01;6.300876736640930176e-01;3.121460080146789551e-01
-2.924592420458793640e-02;-1.029257848858833313e-01;-2.374624907970428467e-01
-2.387228161096572876e-01;-8.965580910444259644e-02;2.630418539047241211e-01
-2.067986279726028442e-01;3.503606915473937988e-01;2.962032258510589600e-01
-4.482519924640655518e-01;3.375986218452453613e-01;3.272902965545654297e-01
-1.834226399660110474e-01;6.760576963424682617e-01;3.121103942394256592e-01
1.978694945573806763e-01;7.095294594764709473e-01;3.323599398136138916e-01
-4.437818825244903564e-01;-7.102985978126525879e-01;-5.010015368461608887e-01
-4.230603873729705811e-01;-4.988619089126586914e-01;2.536812126636505127e-01
-1.373662054538726807e-01;-1.686340570449829102e-01;2.278583198785781860e-01
6.108395382761955261e-02;-9.290799498558044434e-02;-3.876074850559234619e-01
-4.788702130317687988e-01;8.698218315839767456e-02;-3.898482918739318848e-01
5.060912966728210449e-01;-1.540280580520629883e-01;-5.126656889915466309e-01
3.220255672931671143e-01;2.559596598148345947e-01;3.299689590930938721e-01
2.434500306844711304e-01;-4.490218311548233032e-02;2.669150531291961670e-01
4.631538093090057373e-01;-5.083124637603759766e-01;2.532278001308441162e-01
4.369084835052490234e-01;-2.548207044601440430e-01;-5.337064340710639954e-02
4.442610442638397217e-01;4.734368622303009033e-01;3.131020367145538330e-01
4.393261671066284180e-01;1.195511743426322937e-01;-7.432103157043457031e-02
-2.979372143745422363e-01;-3.943203389644622803e-01;-3.014621138572692871e-01
4.630102515220642090e-01;-1.465771943330764771e-01;2.635234594345092773e-01
-4.678382873535156250e-01;-3.298573791980743408e-01;2.258021533489227295e-01
7.969596236944198608e-02;-1.104927137494087219e-01;-4.660290107131004333e-02
4.691116213798522949e-01;-8.570687472820281982e-02;-2.380093634128570557e-01
5.116701722145080566e-01;-7.694901525974273682e-02;-5.023199915885925293e-01
-1.612039953470230103e-01;-1.103931814432144165e-01;-2.747074887156486511e-02
1.050136052072048187e-02;6.547024250030517578e-01;3.164240121841430664e-01
-4.787243604660034180e-01;7.779010385274887085e-02;3.328260481357574463e-01
2.849406898021697998e-01;-9.139396995306015015e-02;-3.452825248241424561e-01
-2.631313800811767578e-01;5.066803097724914551e-01;3.095376193523406982e-01
4.564846754074096680e-01;-1.080052554607391357e-01;2.625085711479187012e-01
-2.487363368272781372e-01;-1.014695614576339722e-01;-5.095090866088867188e-01
4.615125060081481934e-01;2.271027266979217529e-01;1.587985306978225708e-01
4.448050260543823242e-02;1.466862857341766357e-01;2.817922234535217285e-01
-4.563928246498107910e-01;-1.608195304870605469e-01;2.114077359437942505e-01
-2.352166026830673218e-01;-8.263026922941207886e-02;-3.233784139156341553e-01
2.205503731966018677e-02;4.707969725131988525e-01;3.146072924137115479e-01
-4.625627696514129639e-01;1.129340305924415588e-01;-1.454093754291534424e-01
-4.543430209159851074e-01;-7.140131592750549316e-01;2.614400088787078857e-01
1.400322094559669495e-02;-8.154653757810592651e-02;1.983298957347869873e-01
4.415713250637054443e-01;6.830146312713623047e-01;2.986827492713928223e-01
-4.015962481498718262e-01;-3.153046071529388428e-01;-1.042537540197372437e-01
-4.694226980209350586e-01;-1.731998622417449951e-01;-4.986122846603393555e-01
1.625897288322448730e-01;-1.235866695642471313e-01;2.477232366800308228e-03
-4.724431931972503662e-01;7.588588446378707886e-02;-4.782138466835021973e-01
-3.139530122280120850e-01;-3.801543414592742920e-01;-3.130038976669311523e-01
4.330359697341918945e-01;-3.706855773925781250e-01;-3.763611614704132080e-01
-4.105626046657562256e-01;-3.188418149948120117e-01;-1.773329675197601318e-01
-4.844258725643157959e-01;4.673852026462554932e-01;2.994520366191864014e-01
-4.599307179450988770e-01;6.609213352203369141e-01;2.936713397502899170e-01
4.615299403667449951e-01;-7.016554474830627441e-01;-5.057479143142700195e-01
4.255783855915069580e-01;-3.137174844741821289e-01;1.200442016124725342e-01
1.174768526107072830e-02;-1.060520857572555542e-01;-5.086470246315002441e-01
-2.236300259828567505e-01;-1.091164499521255493e-01;2.529034614562988281e-01
2.724710404872894287e-01;4.913800656795501709e-01;3.202475309371948242e-01
-3.404649719595909119e-02;-1.748482286930084229e-01;2.093230038881301880e-01
1.961767375469207764e-01;-1.930746138095855713e-01;1.755563169717788696e-01
2.429671287536621094e-01;-1.006805747747421265e-01;-5.199206471443176270e-01
4.818870425224304199e-01;9.890048950910568237e-02;-3.622642457485198975e-01
