1.482943147420883179e-01;4.906566441059112549e-01;1.685157716274261475e-01
-3.271061778068542480e-01;-1.665768623352050781e-01;1.644840240478515625e-01
3.473002910614013672e-01;-7.889689207077026367e-01;1.660886555910110474e-01
2.599112987518310547e-01;-1.685574799776077271e-01;-7.435859739780426025e-02
2.857200503349304199e-01;-6.395865678787231445e-01;-3.162289857864379883e-01
-3.647667169570922852e-01;2.666103541851043701e-01;1.140325963497161865e-01
2.455496415495872498e-02;-1.922841072082519531e-01;-7.475055754184722900e-02
-1.712393462657928467e-01;2.173064351081848145e-01;1.683866977691650391e-01
-1.143454685807228088e-01;4.166367650032043457e-01;1.896618753671646118e-01
-3.385233581066131592e-01;4.422468245029449463e-01;1.769213527441024780e-01
-1.503805518150329590e-01;7.424775958061218262e-01;2.276066839694976807e-01
1.460326910018920898e-01;7.072155475616455078e-01;2.394688427448272705e-01
-3.347646594047546387e-01;-8.384748101234436035e-01;-3.749264776706695557e-01
-3.366637527942657471e-01;-6.326234340667724609e-01;1.498096138238906860e-01
-1.529897302389144897e-01;-1.563700437545776367e-01;1.862251460552215576e-01
5.883197486400604248e-02;-1.865725070238113403e-01;-2.379258424043655396e-01
-3.756755590438842773e-01;5.066496133804321289e-02;-2.369701117277145386e-01
3.304396271705627441e-01;-2.614142894744873047e-01;-3.408531248569488525e-01
1.451894193887710571e-01;4.166340827941894531e-01;1.805674582719802856e-01
1.717493683099746704e-01;1.836788356304168701e-01;1.781383454799652100e-01
3.472604155540466309e-01;-6.207940578460693359e-01;1.441083997488021851e-01
3.337019085884094238e-01;-1.038478761911392212e-01;9.740222245454788208e-02
3.468214273452758789e-01;5.680871605873107910e-01;1.911079585552215576e-01
3.779591619968414307e-01;7.071980088949203491e-02;-1.046057045459747314e-02
-3.175763189792633057e-01;-4.542891979217529297e-01;-3.579952716827392578e-01
3.179470300674438477e-01;-2.258464694023132324e-01;1.572883278131484985e-01
-3.235007822513580322e-01;-4.347260892391204834e-01;1.456384807825088501e-01
3.228128328919410706e-02;-1.853946447372436523e-01;-2.932294830679893494e-02
3.234910368919372559e-01;-1.716077327728271484e-01;-1.294326484203338623e-01
3.492174446582794189e-01;-9.611377120018005371e-02;-3.819130659103393555e-01
-1.628902703523635864e-01;-1.767525672912597656e-01;3.648239374160766602e-02
-8.338492363691329956e-03;7.358143329620361328e-01;2.223017513751983643e-01
-3.433364927768707275e-01;2.121655941009521484e-01;1.404669433832168579e-01
1.781260520219802856e-01;-1.769694536924362183e-01;-2.278003841638565063e-01
-1.670083701610565186e-01;6.028919219970703125e-01;2.080916762351989746e-01
3.241581022739410400e-01;4.512028396129608154e-02;1.592008918523788452e-01
-1.835864633321762085e-01;-1.489551663398742676e-01;-3.855318129062652588e-01
3.486357033252716064e-01;3.992648124694824219e-01;1.590641736984252930e-01
2.386483177542686462e-02;2.569535672664642334e-01;1.820375919342041016e-01
-3.660677075386047363e-01;-5.386332049965858459e-02;7.184283435344696045e-02
-1.730306893587112427e-01;-1.752358973026275635e-01;-2.235636860132217407e-01
1.924671046435832977e-02;4.992684423923492432e-01;1.872998028993606567e-01
-3.684788346290588379e-01;8.918968588113784790e-02;-3.957321867346763611e-02
-3.319272696971893311e-01;-8.210095167160034180e-01;1.637458056211471558e-01
6.190075539052486420e-03;1.113901212811470032e-01;1.764298379421234131e-01
3.478772938251495361e-01;7.244561910629272461e-01;2.088977247476577759e-01
-3.043231964111328125e-01;-1.696712970733642578e-01;3.562314435839653015e-02
-3.053814470767974854e-01;-2.643847465515136719e-01;-3.454983830451965332e-01
1.575383692979812622e-01;-1.100618690252304077e-01;1.430167406797409058e-01
-3.424559235572814941e-01;-7.621323317289352417e-02;-3.735796809196472168e-01
-3.081513047218322754e-01;-6.428475975990295410e-01;-3.391181528568267822e-01
3.307174742221832275e-01;-4.631155133247375488e-01;-3.635813891887664795e-01
-3.286994695663452148e-01;-1.871877610683441162e-01;-1.720103919506072998e-01
-3.635143935680389404e-01;5.003679990768432617e-01;1.798383444547653198e-01
-3.304702937602996826e-01;7.644504904747009277e-01;2.156955748796463013e-01
3.361746072769165039e-01;-8.246937990188598633e-01;-3.790635466575622559e-01
3.411023616790771484e-01;-4.450585246086120605e-01;1.536268591880798340e-01
-9.402176365256309509e-04;-1.758736670017242432e-01;-4.106860458850860596e-01
-1.837463080883026123e-01;7.325186580419540405e-02;1.692030429840087891e-01
1.369131952524185181e-01;5.344696044921875000e-01;1.926132887601852417e-01
-3.857790678739547729e-02;-7.357310503721237183e-02;1.723615080118179321e-01
1.499990075826644897e-01;-1.597453355789184570e-01;1.960970014333724976e-01
1.833281964063644409e-01;-1.580906063318252563e-01;-3.811272978782653809e-01
3.664282262325286865e-01;7.202856987714767456e-02;-2.342174500226974487e-01
