1.482943147420883179e-01;4.906566441059112549e-01;1.685157716274261475e-01
-2.846627533435821533e-01;-9.015385508537292480e-01;-3.258763849735260010e-01
3.426676988601684570e-01;-2.547465264797210693e-01;-3.563942611217498779e-01
-2.942557334899902344e-01;-2.172138839960098267e-01;1.483231782913208008e-01
3.181403875350952148e-01;-9.307918548583984375e-01;1.050601378083229065e-01
-3.690147697925567627e-01;8.852739334106445312e-01;1.984274387359619141e-02
2.547808587551116943e-01;-1.775250732898712158e-01;1.743215620517730713e-01
-2.988958656787872314e-01;-2.421460151672363281e-01;-3.939569890499114990e-01
3.775888681411743164e-01;8.933142423629760742e-01;-2.121677622199058533e-02
-2.770422697067260742e-01;-7.155213952064514160e-01;1.266136467456817627e-01
-2.810573875904083252e-01;2.919938266277313232e-01;1.068030446767807007e-01
2.769738137722015381e-01;-7.371098399162292480e-01;-3.258763849735260010e-01
1.855378970503807068e-02;8.933142423629760742e-01;1.698598265647888184e-01
3.812383394688367844e-03;-1.419890224933624268e-01;-1.560368239879608154e-01
2.507295310497283936e-01;-5.464821457862854004e-01;6.128532066941261292e-02
-1.994147896766662598e-02;5.681689456105232239e-02;1.750170439481735229e-01
-2.583353221416473389e-01;-5.613816380500793457e-01;-2.577936351299285889e-01
2.856103479862213135e-01;2.143210917711257935e-01;4.546346142888069153e-02
-1.544044762849807739e-01;6.165831685066223145e-01;1.350910663604736328e-01
-1.579473167657852173e-02;-2.546751201152801514e-01;1.872081160545349121e-01
-2.706013321876525879e-01;-1.419890224933624268e-01;-1.093260794878005981e-01
6.302338838577270508e-02;-2.546751201152801514e-01;-3.901828527450561523e-01
3.065168857574462891e-01;-1.502748727798461914e-01;-1.212543621659278870e-01
2.508102655410766602e-01;7.595019936561584473e-01;1.580642014741897583e-01
-2.399266362190246582e-01;-4.640333652496337891e-01;1.036439016461372375e-01
2.626835703849792480e-01;-4.896389245986938477e-01;-2.695322632789611816e-01
-2.728006541728973389e-01;5.113285034894943237e-02;1.144702807068824768e-01
-2.118396759033203125e-01;8.664416074752807617e-01;1.825688630342483521e-01
1.210769563913345337e-01;-2.546751201152801514e-01;7.222257554531097412e-03
-1.984266936779022217e-02;3.431673645973205566e-01;1.750931292772293091e-01
-2.436072081327438354e-01;-9.307918548583984375e-01;1.213005632162094116e-01
2.723544538021087646e-01;-2.986939623951911926e-03;4.300347343087196350e-02
-1.122856065630912781e-01;-2.546751201152801514e-01;-6.883006077259778976e-03
-1.432945430278778076e-01;-2.546751201152801514e-01;-2.501769363880157471e-01
3.359227776527404785e-01;-3.093362152576446533e-01;3.975164890289306641e-02
3.058218359947204590e-01;4.209278523921966553e-01;7.163135707378387451e-02
-1.291066408157348633e-01;-1.082165390253067017e-01;1.193242073059082031e-01
1.366301178932189941e-01;1.697570681571960449e-01;1.676241308450698853e-01
2.992142140865325928e-01;-7.305764555931091309e-01;7.027163356542587280e-02
-2.805167734622955322e-01;4.756092429161071777e-01;6.606274843215942383e-02
2.752148807048797607e-01;6.010231375694274902e-01;4.307033866643905640e-02
1.973283737897872925e-01;-1.419890224933624268e-01;-3.396042585372924805e-01
-1.932985484600067139e-01;7.659551501274108887e-01;3.353193402290344238e-02
-2.399266362190246582e-01;-7.338874340057373047e-01;-2.746370434761047363e-01
-2.840409576892852783e-01;-4.012654721736907959e-01;-3.258763849735260010e-01
1.759202033281326294e-01;8.933142423629760742e-01;7.778515666723251343e-02
-7.489633862860500813e-04;6.906731128692626953e-01;1.181765049695968628e-01
2.052636295557022095e-01;-2.546751201152801514e-01;-2.147262394428253174e-01
-1.358672976493835449e-01;2.128053158521652222e-01;1.205620914697647095e-01
2.813558280467987061e-01;7.600599527359008789e-01;-1.403235644102096558e-02
1.239061728119850159e-01;1.445250399410724640e-02;1.115094944834709167e-01
-9.741657227277755737e-02;-1.904285103082656860e-01;-3.912973701953887939e-01
-5.767558235675096512e-03;5.440353751182556152e-01;1.825475543737411499e-01
3.188101649284362793e-01;-8.867893815040588379e-01;-2.874444127082824707e-01
9.829065203666687012e-02;7.595019936561584473e-01;2.214751392602920532e-01
1.021746173501014709e-01;-1.419890224933624268e-01;1.494425535202026367e-01
1.274102181196212769e-01;3.161839842796325684e-01;1.088315695524215698e-01
-1.314252912998199463e-01;4.551495313644409180e-01;1.839681863784790039e-01
-9.750205278396606445e-02;7.743391990661621094e-01;2.273932099342346191e-01
-2.453345656394958496e-01;-1.419890224933624268e-01;-2.673822939395904541e-01
-2.676413655281066895e-01;-9.553861618041992188e-02;5.660641565918922424e-02
-1.570281684398651123e-01;-2.197729796171188354e-01;2.288645952939987183e-01
2.358247488737106323e-01;-3.256413638591766357e-01;1.541263461112976074e-01
-3.128947317600250244e-01;-2.546751201152801514e-01;-2.113904803991317749e-02
