1.482943147420883179e-01;4.906566441059112549e-01;1.685157716274261475e-01
-2.621334493160247803e-01;-2.745549678802490234e-01;2.190436720848083496e-01
2.778043150901794434e-01;-8.470216989517211914e-01;2.361324280500411987e-01
1.367405503988265991e-01;-1.098789945244789124e-01;-5.062859877943992615e-02
2.865030765533447266e-01;-6.427751779556274414e-01;-4.284199178218841553e-01
-2.776280343532562256e-01;3.215726613998413086e-01;1.728204637765884399e-01
-1.174528710544109344e-02;-1.167059987783432007e-01;-1.254497170448303223e-01
-1.555197387933731079e-01;2.124207913875579834e-01;1.369616687297821045e-01
-8.413563668727874756e-02;3.763665854930877686e-01;1.650117039680480957e-01
-2.804784476757049561e-01;4.427034556865692139e-01;1.764677613973617554e-01
-1.205772086977958679e-01;7.723307013511657715e-01;1.899413168430328369e-01
1.162412166595458984e-01;7.754086256027221680e-01;1.851213723421096802e-01
-2.967781126499176025e-01;-8.222202062606811523e-01;-4.353568851947784424e-01
-2.681605815887451172e-01;-6.556348800659179688e-01;2.296810597181320190e-01
-1.125505045056343079e-01;-1.691758036613464355e-01;1.197139173746109009e-01
9.655684232711791992e-03;-1.322450637817382812e-01;-2.988559305667877197e-01
-2.939672768115997314e-01;-9.348359704017639160e-02;-2.591480910778045654e-01
2.798654437065124512e-01;-2.957069873809814453e-01;-4.257656335830688477e-01
1.496297419071197510e-01;3.759129345417022705e-01;1.708200126886367798e-01
1.319286376237869263e-01;1.165100559592247009e-01;1.751974225044250488e-01
2.772536277770996094e-01;-6.485303640365600586e-01;2.239464223384857178e-01
2.854919731616973877e-01;-1.462264209985733032e-01;1.772480607032775879e-01
2.985428273677825928e-01;5.999759435653686523e-01;1.842640638351440430e-01
2.744960188865661621e-01;2.463928610086441040e-02;1.900618225336074829e-01
-2.824785113334655762e-01;-4.845688939094543457e-01;-4.295403957366943359e-01
2.843497991561889648e-01;-3.164183497428894043e-01;2.353029251098632812e-01
-2.260299921035766602e-01;-4.337227344512939453e-01;2.396377176046371460e-01
5.677917599678039551e-02;-1.095103025436401367e-01;-5.293719470500946045e-03
2.977551817893981934e-01;-1.110361516475677490e-01;-7.775697112083435059e-02
3.008620440959930420e-01;-9.999801218509674072e-02;-4.210605621337890625e-01
-1.472943723201751709e-01;-1.082065850496292114e-01;5.869422107934951782e-03
6.522116716951131821e-03;7.450546622276306152e-01;1.794139444828033447e-01
-2.727776765823364258e-01;1.319221854209899902e-01;1.709445714950561523e-01
1.488564759492874146e-01;-1.068238019943237305e-01;-2.315856367349624634e-01
-1.330007165670394897e-01;6.034383177757263184e-01;1.732390373945236206e-01
2.843083739280700684e-01;3.119303286075592041e-02;1.893025636672973633e-01
-1.481878906488418579e-01;-1.100526675581932068e-01;-4.233391880989074707e-01
2.912968099117279053e-01;4.043005704879760742e-01;1.775531172752380371e-01
3.098572604358196259e-02;3.518263101577758789e-01;1.681777983903884888e-01
-2.871542274951934814e-01;-3.516104072332382202e-03;1.853808164596557617e-01
-1.388533115386962891e-01;-1.069516837596893311e-01;-2.741413116455078125e-01
1.566719263792037964e-02;4.809004366397857666e-01;1.683321744203567505e-01
-2.993134856224060059e-01;-1.146009787917137146e-01;-3.945135697722434998e-02
-2.092698961496353149e-01;-4.180914163589477539e-01;2.407909929752349854e-01
1.014501154422760010e-01;1.014599874615669250e-01;1.776733249425888062e-01
2.841615378856658936e-01;7.241731286048889160e-01;1.919441819190979004e-01
-2.673741579055786133e-01;-2.331997454166412354e-01;2.065913528203964233e-01
-2.605447769165039062e-01;-2.830979824066162109e-01;-4.213736653327941895e-01
1.193517372012138367e-01;9.477613121271133423e-02;1.725598722696304321e-01
-2.967564165592193604e-01;-1.058982461690902710e-01;-4.282859563827514648e-01
-2.927513122558593750e-01;-6.542635560035705566e-01;-4.368405640125274658e-01
2.815034985542297363e-01;-4.811934530735015869e-01;-4.336473643779754639e-01
-1.633661091327667236e-01;-1.053584367036819458e-01;-1.183427125215530396e-01
-3.117917478084564209e-01;5.765941143035888672e-01;1.824036091566085815e-01
-2.894668877124786377e-01;7.408502101898193359e-01;1.920067816972732544e-01
2.899491190910339355e-01;-8.275483250617980957e-01;-4.322857856750488281e-01
2.746587991714477539e-01;-4.718941748142242432e-01;2.351529151201248169e-01
-8.853580802679061890e-04;-1.233234554529190063e-01;-4.077613353729248047e-01
-1.958202421665191650e-01;-5.829874426126480103e-03;1.739421039819717407e-01
1.356205344200134277e-01;5.625767707824707031e-01;1.696220636367797852e-01
-1.759820990264415741e-02;-7.823174446821212769e-02;1.872749179601669312e-01
1.856151819229125977e-01;-2.006545960903167725e-01;2.256270200014114380e-01
1.407233625650405884e-01;-1.147551983594894409e-01;-4.088627398014068604e-01
2.922246158123016357e-01;-9.823025763034820557e-02;-2.516629099845886230e-01
