5.593219399452209473e-01;2.158112823963165283e-01;4.118202924728393555e-01
-5.988875627517700195e-01;-2.986169755458831787e-01;1.676836162805557251e-01
5.743412971496582031e-01;-5.068576931953430176e-01;3.450582623481750488e-01
2.979744374752044678e-01;-3.091120421886444092e-01;-2.195067703723907471e-01
6.043186783790588379e-01;-1.803568899631500244e-01;-4.588583707809448242e-01
-5.860167741775512695e-01;3.020350039005279541e-01;3.378945216536521912e-02
7.078940980136394501e-03;-8.317090570926666260e-03;-2.255149185657501221e-01
-1.946201920509338379e-01;1.400516927242279053e-02;1.714192479848861694e-01
4.819583594799041748e-01;3.103164732456207275e-01;-2.450847923755645752e-01
-5.618018507957458496e-01;2.475737631320953369e-01;4.009399116039276123e-01
-1.675301641225814819e-01;5.620049834251403809e-01;3.900595605373382568e-01
2.411650121212005615e-01;5.601477622985839844e-01;3.775342106819152832e-01
-5.750122666358947754e-01;-4.900475442409515381e-01;-5.822415947914123535e-01
-5.883738398551940918e-01;-3.000653982162475586e-01;1.690976768732070923e-01
-2.214276194572448730e-01;-2.977043390274047852e-01;1.154764443635940552e-01
2.274927496910095215e-02;-2.986951172351837158e-01;-3.616321980953216553e-01
-5.646806955337524414e-01;3.154639303684234619e-01;-5.572513937950134277e-01
5.840339064598083496e-01;-1.654996573925018311e-01;-5.448468327522277832e-01
4.474037289619445801e-01;1.943703293800354004e-01;3.240304589271545410e-01
3.203421235084533691e-01;-4.739642143249511719e-03;4.003952145576477051e-01
5.618669390678405762e-01;-2.719300985336303711e-01;2.658615112304687500e-01
5.727666616439819336e-01;-1.985414624214172363e-01;-8.311930298805236816e-02
5.128684043884277344e-01;2.944573462009429932e-01;2.683932483196258545e-01
5.510897636413574219e-01;3.185698986053466797e-01;-2.621363699436187744e-01
-2.712657749652862549e-01;-2.394588589668273926e-01;-5.527987480163574219e-01
5.560519099235534668e-01;-5.990564823150634766e-04;3.824331164360046387e-01
-2.986456453800201416e-01;-2.798656821250915527e-01;2.268739789724349976e-01
3.617423400282859802e-02;-3.021471202373504639e-01;-6.790335476398468018e-02
5.932382345199584961e-01;5.849188566207885742e-02;-3.128696382045745850e-01
5.141039490699768066e-01;1.499872505664825439e-01;-5.715590119361877441e-01
-4.171071648597717285e-01;1.530639827251434326e-03;-9.017308056354522705e-02
2.546305954456329346e-02;5.189609527587890625e-01;4.035714864730834961e-01
-5.373896360397338867e-01;-1.908394321799278259e-02;4.032362401485443115e-01
3.147950470447540283e-01;-1.900411397218704224e-02;-3.594000637531280518e-01
-3.756628930568695068e-01;3.501875102519989014e-01;3.743709325790405273e-01
5.793481469154357910e-01;5.781379342079162598e-02;6.573056429624557495e-02
-2.913780510425567627e-01;-7.134114205837249756e-02;-5.836305022239685059e-01
5.736268162727355957e-01;3.061515688896179199e-01;-5.096681043505668640e-02
6.855487078428268433e-02;3.319250792264938354e-02;3.755750358104705811e-01
-5.802878737449645996e-01;-2.063310518860816956e-02;8.453525602817535400e-03
-4.066188633441925049e-01;-1.274891942739486694e-02;-3.572148978710174561e-01
3.723783418536186218e-02;3.057433366775512695e-01;3.851405084133148193e-01
-5.651229023933410645e-01;3.377090692520141602e-01;-2.683363258838653564e-01
-6.035696268081665039e-01;-4.992616772651672363e-01;3.489309847354888916e-01
1.778567209839820862e-03;2.419801801443099976e-02;1.431104689836502075e-01
4.383336007595062256e-01;5.458278059959411621e-01;3.933353424072265625e-01
-3.633718788623809814e-01;-3.117057681083679199e-01;-1.819164603948593140e-01
-5.826740264892578125e-01;-1.879664063453674316e-01;-5.707893967628479004e-01
3.998184204101562500e-01;-5.972173064947128296e-03;-5.979233607649803162e-02
-5.791732072830200195e-01;1.380697786808013916e-01;-5.624180436134338379e-01
-3.608766198158264160e-01;-2.993355989456176758e-01;-2.563997805118560791e-01
2.562820315361022949e-01;-2.423670589923858643e-01;-5.740403532981872559e-01
-5.506932735443115234e-01;-8.508965373039245605e-03;-3.014102578163146973e-01
-5.704992413520812988e-01;2.881291210651397705e-01;1.877820640802383423e-01
-3.994046449661254883e-01;5.328215956687927246e-01;3.803777098655700684e-01
5.673172473907470703e-01;-5.109978914260864258e-01;-5.943872332572937012e-01
5.404143333435058594e-01;-3.160516321659088135e-01;1.200637966394424438e-01
1.808195188641548157e-02;-8.330439031124114990e-02;-5.908349752426147461e-01
-2.900612652301788330e-01;-3.899440914392471313e-02;3.848331570625305176e-01
4.445294141769409180e-01;2.884469330310821533e-01;3.798440694808959961e-01
2.515758946537971497e-02;-1.868781447410583496e-01;3.246254622936248779e-01
2.377474457025527954e-01;-3.005478084087371826e-01;1.314051747322082520e-01
2.998663485050201416e-01;-3.141462802886962891e-02;-5.947342514991760254e-01
5.920922756195068359e-01;3.024062812328338623e-01;-5.882368087768554688e-01
