4.919511377811431885e-01;1.870622932910919189e-01;3.169107735157012939e-01
-4.672151207923889160e-01;-2.290587723255157471e-01;2.815625667572021484e-01
4.449761509895324707e-01;-5.532251596450805664e-01;3.159915804862976074e-01
4.991292953491210938e-01;-3.244199156761169434e-01;-3.355099856853485107e-01
4.834597110748291016e-01;-3.730615377426147461e-01;-3.597910106182098389e-01
-4.720681011676788330e-01;6.300876736640930176e-01;3.121460080146789551e-01
-4.085252061486244202e-02;-1.332515105605125427e-02;-3.711018264293670654e-01
-1.789835244417190552e-01;-4.160036891698837280e-02;1.544601917266845703e-01
-2.000947892665863037e-01;2.748034894466400146e-01;3.461156785488128662e-01
-4.880437552928924561e-01;3.198052048683166504e-01;3.295193016529083252e-01
-1.863002628087997437e-01;6.298777461051940918e-01;4.135592579841613770e-01
2.060696929693222046e-01;6.301145553588867188e-01;4.132073521614074707e-01
-4.698545038700103760e-01;-6.377934813499450684e-01;-5.655772686004638672e-01
-4.589194953441619873e-01;-4.171470999717712402e-01;9.260928630828857422e-02
-1.774583309888839722e-01;-6.143698841333389282e-02;1.354989707469940186e-01
1.506604347378015518e-02;-3.608591258525848389e-01;-5.566638112068176270e-01
-4.805316627025604248e-01;2.058925032615661621e-01;-4.020369946956634521e-01
5.137175321578979492e-01;-3.257808387279510498e-01;-3.896125257015228271e-01
3.303244113922119141e-01;2.193644642829895020e-01;2.504417896270751953e-01
2.547430694103240967e-01;-7.134716212749481201e-02;3.857705295085906982e-01
4.701025485992431641e-01;-4.162013530731201172e-01;2.929576039314270020e-01
4.799663722515106201e-01;-2.327110171318054199e-01;-4.659735783934593201e-02
4.649339318275451660e-01;4.668236076831817627e-01;2.428153306245803833e-01
5.158550739288330078e-01;3.213426470756530762e-01;-1.998547613620758057e-01
-2.572016417980194092e-01;-3.586865961551666260e-01;-5.675998330116271973e-01
4.728291034698486328e-01;-1.765363514423370361e-01;2.872555851936340332e-01
-4.512121081352233887e-01;-3.685447573661804199e-01;3.044693768024444580e-01
1.344792991876602173e-01;-1.336985826492309570e-02;-5.370846018195152283e-02
4.906292855739593506e-01;1.780398190021514893e-03;-2.626987397670745850e-01
4.546855986118316650e-01;7.010161131620407104e-02;-5.811912417411804199e-01
-2.914114296436309814e-01;-1.123882830142974854e-02;-1.251215189695358276e-01
2.683961391448974609e-02;5.913621783256530762e-01;4.345699250698089600e-01
-4.731020331382751465e-01;7.082433253526687622e-02;3.146297335624694824e-01
2.696130275726318359e-01;-1.777344942092895508e-02;-3.491394817829132080e-01
-3.077673912048339844e-01;4.500081837177276611e-01;2.917594611644744873e-01
4.850284159183502197e-01;-4.327770322561264038e-03;2.970647439360618591e-02
-2.466072291135787964e-01;-7.435111701488494873e-02;-6.038451790809631348e-01
5.212440490722656250e-01;2.891049385070800781e-01;1.883830130100250244e-02
9.632861614227294922e-02;-6.298495829105377197e-02;3.826507329940795898e-01
-4.669788479804992676e-01;7.535219192504882812e-04;2.161716669797897339e-02
-2.679387331008911133e-01;-9.793173521757125854e-03;-3.639633953571319580e-01
4.375131428241729736e-02;4.034869372844696045e-01;3.857882320880889893e-01
-5.100334286689758301e-01;2.838539779186248779e-01;-1.954621374607086182e-01
-4.701451361179351807e-01;-5.991898179054260254e-01;3.001952171325683594e-01
2.046809531748294830e-03;8.460104465484619141e-03;1.357782632112503052e-01
4.600380361080169678e-01;6.648445725440979004e-01;3.450857400894165039e-01
-4.898713231086730957e-01;-4.058687984943389893e-01;-7.913663983345031738e-02
-4.686456620693206787e-01;-3.024066388607025146e-01;-4.819732308387756348e-01
3.102063536643981934e-01;-2.902205288410186768e-02;-3.350630030035972595e-02
-4.518534541130065918e-01;1.029140129685401917e-01;-5.994558334350585938e-01
-4.960495233535766602e-01;-4.109878540039062500e-01;-4.437629580497741699e-01
2.260840982198715210e-01;-3.859459757804870605e-01;-5.329930186271667480e-01
-4.087596833705902100e-01;1.214079558849334717e-02;-2.548930644989013672e-01
-4.784235358238220215e-01;4.142699837684631348e-01;3.151134848594665527e-01
-4.586457908153533936e-01;6.479462981224060059e-01;2.910332977771759033e-01
4.859277009963989258e-01;-6.319904327392578125e-01;-5.663996934890747070e-01
4.837828576564788818e-01;-4.280927181243896484e-01;6.013084203004837036e-02
5.011674016714096069e-03;-2.183861285448074341e-02;-5.808154344558715820e-01
-2.337445020675659180e-01;-9.344378113746643066e-02;3.906717598438262939e-01
3.282867074012756348e-01;4.176773130893707275e-01;2.769904434680938721e-01
-7.672469131648540497e-03;-1.056961268186569214e-01;3.958098292350769043e-01
1.941018551588058472e-01;-3.217275813221931458e-02;1.733334809541702271e-01
2.529131472110748291e-01;-3.849184140563011169e-02;-5.859005451202392578e-01
5.272357463836669922e-01;3.386873304843902588e-01;-5.163996815681457520e-01
