1.482943147420883179e-01;4.906566441059112549e-01;1.685157716274261475e-01
-3.986084163188934326e-01;-2.389360368251800537e-01;1.745047271251678467e-01
4.239738583564758301e-01;-6.920831799507141113e-01;2.587007582187652588e-01
2.361913174390792847e-01;5.228906124830245972e-02;-7.928232848644256592e-02
4.331537485122680664e-01;-5.243344902992248535e-01;-3.878781497478485107e-01
-3.904902935028076172e-01;2.548577487468719482e-01;1.692355424165725708e-01
-6.158950924873352051e-02;5.441115051507949829e-02;-1.214737892150878906e-01
-2.110499143600463867e-01;8.012158423662185669e-02;1.921142786741256714e-01
-1.393150538206100464e-01;3.667010664939880371e-01;1.786777526140213013e-01
-3.112461566925048828e-01;4.096574187278747559e-01;1.718863695859909058e-01
-1.670060306787490845e-01;6.656526327133178711e-01;1.933044046163558960e-01
1.682497113943099976e-01;6.722779870033264160e-01;2.069160342216491699e-01
-4.778827130794525146e-01;-6.191064119338989258e-01;-4.405177533626556396e-01
-4.001774191856384277e-01;-5.922191739082336426e-01;2.253549993038177490e-01
-1.894142627716064453e-01;4.048823565244674683e-02;3.893081471323966980e-02
2.797421813011169434e-02;4.808086901903152466e-02;-2.339818626642227173e-01
-4.509623050689697266e-01;-2.611207962036132812e-02;-2.280048578977584839e-01
4.549785852432250977e-01;-1.858536899089813232e-01;-2.560820579528808594e-01
1.673647314310073853e-01;4.011318087577819824e-01;1.776643693447113037e-01
2.177888602018356323e-01;8.519484847784042358e-02;1.866437792778015137e-01
4.022645652294158936e-01;-5.932011008262634277e-01;2.315863221883773804e-01
3.771576285362243652e-01;-5.816767364740371704e-02;1.729999482631683350e-01
3.689296841621398926e-01;5.331767201423645020e-01;1.995742321014404297e-01
3.970374464988708496e-01;3.014638274908065796e-02;1.764099299907684326e-02
-4.817890524864196777e-01;-4.759302139282226562e-01;-3.466136455535888672e-01
4.173993468284606934e-01;-3.467566967010498047e-01;1.895630210638046265e-01
-3.732022643089294434e-01;-5.349221825599670410e-01;2.294216305017471313e-01
3.694633394479751587e-02;5.660667270421981812e-02;-5.146474763751029968e-02
4.164275228977203369e-01;-4.569100961089134216e-02;-1.782310754060745239e-01
3.832963407039642334e-01;3.447159379720687866e-02;-3.595700562000274658e-01
-2.310717105865478516e-01;6.061194092035293579e-02;-7.032757997512817383e-02
1.716118305921554565e-03;6.645948290824890137e-01;1.933707743883132935e-01
-3.842055499553680420e-01;7.172886282205581665e-02;1.831148117780685425e-01
2.075651437044143677e-01;5.887037515640258789e-02;-3.413523137569427490e-01
-1.979562342166900635e-01;5.129148364067077637e-01;1.817309409379959106e-01
3.779900372028350830e-01;-4.971655830740928650e-02;1.686367839574813843e-01
-2.084618061780929565e-01;6.258281320333480835e-02;-3.726581931114196777e-01
3.603200614452362061e-01;3.484433293342590332e-01;1.353963464498519897e-01
7.160108536481857300e-02;2.797951400279998779e-01;1.780111789703369141e-01
-3.806904256343841553e-01;6.515382975339889526e-02;1.825838983058929443e-01
-1.954260021448135376e-01;6.941118091344833374e-02;-3.496612012386322021e-01
2.470858767628669739e-02;5.026322007179260254e-01;1.713235378265380859e-01
-2.410679757595062256e-01;5.421628803014755249e-02;-5.664826557040214539e-02
-4.124039113521575928e-01;-6.980988979339599609e-01;2.532923221588134766e-01
8.101210743188858032e-02;-2.524813264608383179e-02;1.151673942804336548e-01
3.877619206905364990e-01;6.809856891632080078e-01;2.167780846357345581e-01
-4.055343270301818848e-01;2.260041981935501099e-02;-6.555691361427307129e-04
-4.476453363895416260e-01;-1.897411346435546875e-01;-2.543698847293853760e-01
1.921380609273910522e-01;5.822418630123138428e-02;3.081680834293365479e-02
-4.121694266796112061e-01;4.140857607126235962e-02;-3.473865091800689697e-01
-4.865290522575378418e-01;-4.887495040893554688e-01;-3.351578414440155029e-01
4.423783123493194580e-01;-4.196592867374420166e-01;-3.516848683357238770e-01
-4.572781920433044434e-01;-5.983427166938781738e-02;-1.974011659622192383e-01
-3.480896353721618652e-01;5.127499103546142578e-01;1.783860921859741211e-01
-3.623602390289306641e-01;6.574832201004028320e-01;2.029388993978500366e-01
4.362621009349822998e-01;-7.382715344429016113e-01;-4.537281394004821777e-01
4.041096866130828857e-01;-5.213619470596313477e-01;2.210130542516708374e-01
-1.163383945822715759e-03;7.316640764474868774e-02;-3.798722326755523682e-01
-3.537501096725463867e-01;-1.484612375497817993e-02;1.145936399698257446e-01
1.509063839912414551e-01;5.266938209533691406e-01;1.732420623302459717e-01
-5.134443938732147217e-02;-1.497375220060348511e-02;1.418669074773788452e-01
1.158164590597152710e-01;-1.279234886169433594e-03;1.287606060504913330e-01
2.147329747676849365e-01;5.465300381183624268e-02;-3.749223351478576660e-01
3.847773969173431396e-01;6.386929005384445190e-02;-2.521762847900390625e-01
