-2.402269691228866577e-01;1.813415586948394775e-01;-3.256846070289611816e-01
5.218388438224792480e-01;1.710505187511444092e-01;-3.817552700638771057e-02
1.038178727030754089e-01;7.302766442298889160e-01;5.331703424453735352e-01
-1.184038221836090088e-01;1.819128543138504028e-01;-3.333218023180961609e-02
-1.306433826684951782e-01;-2.312365621328353882e-01;1.176709830760955811e-01
-4.882369637489318848e-01;-4.049870073795318604e-01;1.033900678157806396e-01
-3.106923699378967285e-01;7.151375412940979004e-01;4.779941439628601074e-01
4.857029318809509277e-01;2.467599511146545410e-01;2.971755266189575195e-01
4.080782830715179443e-01;7.355065345764160156e-01;2.288581579923629761e-01
4.050666391849517822e-01;-4.048180878162384033e-01;1.945564150810241699e-01
-1.389541104435920715e-02;1.018502861261367798e-01;-5.090553760528564453e-01
-2.669520974159240723e-01;-2.815723717212677002e-01;7.219620794057846069e-02
-2.863838337361812592e-02;3.141309618949890137e-01;3.752758800983428955e-01
3.486275970935821533e-01;-6.231047511100769043e-01;2.102689146995544434e-01
-1.246694102883338928e-01;-3.693216443061828613e-01;2.073794156312942505e-01
1.119793727993965149e-01;-5.217962265014648438e-01;-3.744537532329559326e-01
4.277561902999877930e-01;-7.010805010795593262e-01;9.842106699943542480e-02
3.750455379486083984e-01;5.758097022771835327e-02;3.289157748222351074e-01
2.499370276927947998e-01;-2.583419978618621826e-01;5.522179231047630310e-02
5.929105281829833984e-01;-5.830868482589721680e-01;1.236947029829025269e-01
4.851751625537872314e-01;5.451059341430664062e-01;3.122472167015075684e-01
2.580125927925109863e-01;2.049905508756637573e-01;3.655867576599121094e-01
-1.951754651963710785e-02;-1.312018930912017822e-01;-1.824744343757629395e-01
-4.893483221530914307e-01;6.495391577482223511e-02;-2.027719765901565552e-01
-2.512745857238769531e-01;-4.679377973079681396e-01;-1.609011590480804443e-01
-1.838508844375610352e-01;-1.020893380045890808e-01;-4.745435714721679688e-01
1.496002525091171265e-01;2.236288785934448242e-01;1.227654367685317993e-01
5.265915393829345703e-01;-6.733037233352661133e-01;1.161727011203765869e-01
3.901695311069488525e-01;-5.107722058892250061e-02;-3.445081114768981934e-01
-8.399628102779388428e-02;-5.400361418724060059e-01;-3.450872302055358887e-01
1.580526977777481079e-01;-3.179502487182617188e-01;1.734513789415359497e-01
2.678638994693756104e-01;7.527676820755004883e-01;2.315336763858795166e-01
-8.259666711091995239e-02;-3.464503586292266846e-01;-3.298421204090118408e-01
1.359562482684850693e-02;-4.974279105663299561e-01;2.492413856089115143e-02
3.218686282634735107e-01;-5.194052457809448242e-01;-2.376094460487365723e-01
8.060207962989807129e-02;2.588948011398315430e-01;3.695092499256134033e-01
-5.497607588768005371e-01;3.391320705413818359e-01;1.809879094362258911e-01
-4.220691323280334473e-01;1.991157233715057373e-01;-1.556751579046249390e-01
-1.028535887598991394e-01;-1.591506451368331909e-01;-1.299271285533905029e-01
2.084768563508987427e-01;-5.177385807037353516e-01;-5.038564205169677734e-01
-3.679566681385040283e-01;-6.613019108772277832e-01;2.025709450244903564e-01
-5.137048959732055664e-01;4.645268023014068604e-01;2.194615602493286133e-01
3.994104564189910889e-01;1.565659642219543457e-01;-4.311126768589019775e-01
3.896460235118865967e-01;-5.040899291634559631e-02;-9.189507365226745605e-02
-2.917152345180511475e-01;-3.869741559028625488e-01;-2.845630347728729248e-01
4.072652757167816162e-01;1.933930367231369019e-01;-2.245468944311141968e-01
-5.392147973179817200e-02;-4.300308227539062500e-01;5.165189504623413086e-01
-4.720681011676788330e-01;6.300876736640930176e-01;3.121460080146789551e-01
3.616895377635955811e-01;7.271278500556945801e-01;2.025274187326431274e-01
3.216614127159118652e-01;4.262599945068359375e-01;-2.416575849056243896e-01
7.881752215325832367e-03;-5.925509929656982422e-01;2.497002780437469482e-01
-1.333018988370895386e-01;-4.321120306849479675e-02;2.531882226467132568e-01
-3.691025078296661377e-01;-5.138457417488098145e-01;2.299037575721740723e-01
-2.829482257366180420e-01;1.814156919717788696e-01;-2.721471786499023438e-01
4.692336022853851318e-01;-5.672259926795959473e-01;2.661225795745849609e-01
3.378731012344360352e-01;-4.442496895790100098e-01;-4.788347184658050537e-01
-2.075513601303100586e-01;3.687400519847869873e-01;1.236570477485656738e-01
-1.657051742076873779e-01;1.449153870344161987e-01;-4.563947916030883789e-01
-3.161636739969253540e-02;-5.253269672393798828e-01;-2.466766089200973511e-01
2.757267951965332031e-01;3.934608399868011475e-01;-6.995363533496856689e-02
-5.272732377052307129e-01;-6.697965264320373535e-01;8.910452574491500854e-02
1.343603730201721191e-01;8.628041148185729980e-01;4.717335999011993408e-01
-4.156710207462310791e-01;7.028710246086120605e-01;3.910581767559051514e-01
1.296372562646865845e-01;-4.910628199577331543e-01;3.327236175537109375e-01
1.541747748851776123e-01;-6.085017919540405273e-01;-2.948292791843414307e-01
-4.835326597094535828e-02;6.371144652366638184e-01;1.907923668622970581e-01
-8.295936137437820435e-02;8.066671490669250488e-01;5.313099026679992676e-01
6.308525055646896362e-02;6.763118505477905273e-01;4.927768707275390625e-01
7.608367502689361572e-02;-5.334156155586242676e-01;1.563354432582855225e-01
-4.710693955421447754e-01;4.524494707584381104e-01;2.950898408889770508e-01
-2.969076037406921387e-01;2.877520024776458740e-01;-2.078559696674346924e-01
4.198668599128723145e-01;-4.695019870996475220e-02;1.371199823915958405e-02
3.408668935298919678e-01;-8.496035635471343994e-02;-4.241104125976562500e-01
-1.148628890514373779e-01;8.264537453651428223e-01;5.173660516738891602e-01
-4.230904579162597656e-02;6.759627461433410645e-01;1.989228725433349609e-01
3.238921239972114563e-02;8.012343049049377441e-01;2.657789587974548340e-01
4.984601438045501709e-01;1.798091642558574677e-02;2.749282121658325195e-02
-2.248053103685379028e-01;-3.333340585231781006e-01;1.700083017349243164e-01
2.952145934104919434e-01;-4.633879065513610840e-01;2.098543345928192139e-01
3.538812994956970215e-01;-4.269009828567504883e-01;-4.370429515838623047e-01
-2.989042997360229492e-01;1.823333948850631714e-01;-1.307924985885620117e-01
4.922495186328887939e-01;2.007519453763961792e-01;1.202901005744934082e-01
4.180620983242988586e-02;-6.968482136726379395e-01;4.054114520549774170e-01
-3.193850219249725342e-01;-6.618095934391021729e-02;-3.615096211433410645e-01
-3.293888270854949951e-01;-5.381292700767517090e-01;-2.757186591625213623e-01
-3.997126519680023193e-01;5.028865933418273926e-01;-1.910622115246951580e-03
-1.738058179616928101e-01;2.288011834025382996e-02;3.498564660549163818e-01
-5.728985071182250977e-01;3.329485058784484863e-01;-1.536032855510711670e-01
-2.853102982044219971e-01;9.228184074163436890e-02;-5.236323475837707520e-01
2.108355909585952759e-01;8.600640296936035156e-01;4.645839333534240723e-01
4.373030066490173340e-01;-6.884092688560485840e-01;5.558336526155471802e-02
-6.853718310594558716e-02;-5.689850449562072754e-02;-2.225688695907592773e-01
4.006620645523071289e-01;1.177441477775573730e-01;-4.654864668846130371e-01
3.615708053112030029e-01;-5.483262240886688232e-02;-2.591536641120910645e-01
4.533861950039863586e-02;-3.459348082542419434e-01;-2.899806201457977295e-01
-1.439334638416767120e-02;-5.139629840850830078e-01;-2.186191082000732422e-01
3.027086257934570312e-01;3.012530803680419922e-01;-1.831753849983215332e-01
-5.794215202331542969e-01;3.475739657878875732e-01;1.768055744469165802e-02
-4.835974276065826416e-01;2.121011726558208466e-02;-6.378427147865295410e-02
2.790591418743133545e-01;-4.344761967658996582e-01;2.054173201322555542e-01
4.554523527622222900e-02;1.827102899551391602e-01;-2.497276961803436279e-01
-4.104080498218536377e-01;-6.793881058692932129e-01;3.450655192136764526e-02
3.397164046764373779e-01;2.828207612037658691e-01;-2.429397553205490112e-01
-1.120509430766105652e-01;5.811905264854431152e-01;4.276905953884124756e-01
2.751431167125701904e-01;3.691287636756896973e-01;-1.299581378698348999e-01
9.353781491518020630e-02;7.891646623611450195e-01;2.574347853660583496e-01
1.073016449809074402e-01;-2.772572338581085205e-01;-2.685002982616424561e-01
-4.882563054561614990e-01;8.264353871345520020e-02;-2.844747900962829590e-01
2.690165303647518158e-02;-5.682474374771118164e-02;1.836822628974914551e-01
1.474933326244354248e-01;1.817595660686492920e-01;-1.167575865983963013e-01
2.738444209098815918e-01;3.528086841106414795e-01;-8.426424115896224976e-02
-4.458724856376647949e-01;-9.082756936550140381e-03;-3.323629498481750488e-01
-4.622308015823364258e-01;1.363587677478790283e-01;3.172845840454101562e-01
2.838656306266784668e-01;1.888127177953720093e-01;-7.683373242616653442e-02
-4.529697597026824951e-01;5.010145902633666992e-01;-5.665530264377593994e-02
-4.477815628051757812e-01;1.166788414120674133e-01;3.270858824253082275e-01
6.049545481801033020e-03;2.323136329650878906e-01;3.639708757400512695e-01
-3.949120938777923584e-01;-6.032087206840515137e-01;-3.931103646755218506e-01
7.561260461807250977e-02;7.948570251464843750e-01;2.607567608356475830e-01
5.769087672233581543e-01;4.137272834777832031e-01;1.721689254045486450e-01
-3.312898576259613037e-01;-5.508065968751907349e-02;1.375942304730415344e-02
-4.887100160121917725e-01;5.630149692296981812e-02;-1.780755221843719482e-01
-1.173520982265472412e-01;3.292498886585235596e-01;3.752503693103790283e-01
-1.201399117708206177e-01;1.818767935037612915e-01;-6.425286084413528442e-02
3.849150538444519043e-01;-6.278660297393798828e-01;-3.295567333698272705e-01
-3.438444808125495911e-02;2.203218191862106323e-01;1.234258189797401428e-01
-1.118600144982337952e-01;-1.806110516190528870e-02;3.125297427177429199e-01
1.511020660400390625e-01;-5.300344228744506836e-01;-8.529379963874816895e-03
-2.909718155860900879e-01;-4.520761966705322266e-01;-6.334831565618515015e-02
-3.330551683902740479e-01;-4.270080327987670898e-01;2.044524252414703369e-01
-4.984352886676788330e-01;1.149158552289009094e-01;1.172665804624557495e-01
1.076767370104789734e-01;-4.664001464843750000e-01;5.124801397323608398e-01
-1.523378491401672363e-01;-9.984432905912399292e-02;-6.688916683197021484e-02
-3.658565878868103027e-01;1.928367614746093750e-01;-1.955442130565643311e-01
5.134952440857887268e-02;5.008341073989868164e-01;4.070952832698822021e-01
4.605432227253913879e-02;1.722160428762435913e-01;-4.022610783576965332e-01
-1.224750373512506485e-02;-2.615411281585693359e-01;-2.305902242660522461e-01
4.478852823376655579e-02;-5.297856926918029785e-01;-2.275806218385696411e-01
2.274105846881866455e-01;-2.919147908687591553e-01;1.458389908075332642e-01
-1.608484685420989990e-01;1.818035095930099487e-01;-7.751969248056411743e-02
-3.231983482837677002e-01;6.522077322006225586e-01;4.418313503265380859e-01
2.750968635082244873e-01;-5.196847915649414062e-01;-5.340219661593437195e-02
-4.640122130513191223e-02;4.501211643218994141e-01;3.964216113090515137e-01
2.911329269409179688e-01;7.148894667625427246e-02;3.646583855152130127e-01
-6.811378896236419678e-02;-1.106968298554420471e-01;-1.557926684617996216e-01
-1.493462473154067993e-01;5.590684413909912109e-01;1.753770411014556885e-01
-2.784048914909362793e-01;-5.448119044303894043e-01;-2.215269654989242554e-01
-2.072252929210662842e-01;3.903056681156158447e-01;3.826333582401275635e-01
3.207494914531707764e-01;8.277182579040527344e-01;3.113123774528503418e-01
5.307795405387878418e-01;4.914339482784271240e-01;-1.521766036748886108e-01
1.895572245121002197e-01;7.756867408752441406e-01;5.485274791717529297e-01
4.711177647113800049e-01;-1.996235921978950500e-02;5.349127203226089478e-02
3.779896795749664307e-01;3.903806805610656738e-01;-3.001995384693145752e-01
6.586518883705139160e-02;1.308523714542388916e-01;3.700437247753143311e-01
5.038126111030578613e-01;1.219636127352714539e-01;2.803660929203033447e-01
3.337947726249694824e-01;-5.684124231338500977e-01;-5.360544919967651367e-01
2.588760554790496826e-01;-3.914768397808074951e-01;-7.557579129934310913e-02
2.376829385757446289e-01;-2.681046426296234131e-01;1.039688512682914734e-01
2.202762216329574585e-01;-2.306427508592605591e-01;-1.996131846681237221e-03
4.713546037673950195e-01;1.673670411109924316e-01;-2.688102722167968750e-01
3.427883982658386230e-02;1.861079931259155273e-01;-3.241640925407409668e-01
3.154202699661254883e-01;-6.245887875556945801e-01;1.700963973999023438e-01
-4.477958977222442627e-01;7.041471600532531738e-01;2.392733842134475708e-01
6.998497992753982544e-02;-5.223987698554992676e-01;-1.240004301071166992e-01
-4.686585366725921631e-01;5.261591076850891113e-02;-3.833711445331573486e-01
2.010440379381179810e-01;-1.042537465691566467e-01;-4.156981408596038818e-01
-9.718374162912368774e-02;4.280687272548675537e-01;3.915623128414154053e-01
4.408638775348663330e-01;5.474490523338317871e-01;1.310557276010513306e-01
5.244457125663757324e-01;2.946515381336212158e-01;2.016452252864837646e-01
-3.298290669918060303e-01;3.152846992015838623e-01;3.545159697532653809e-01
-4.030850827693939209e-01;-5.514527559280395508e-01;-4.581849873065948486e-01
-5.026854872703552246e-01;7.668713480234146118e-02;1.142369136214256287e-01
-1.380406618118286133e-01;-5.929914116859436035e-02;7.803022116422653198e-02
3.852471113204956055e-01;3.187652826309204102e-01;-2.943580150604248047e-01
4.818246960639953613e-01;2.974074520170688629e-02;2.403967380523681641e-01
-3.546001613140106201e-01;-6.236540079116821289e-01;5.557583644986152649e-03
3.363481163978576660e-01;4.929330646991729736e-01;5.285009741783142090e-02
1.061721593141555786e-01;-1.627471297979354858e-01;1.114509105682373047e-01
-1.294477730989456177e-01;-5.387264490127563477e-01;-4.273262321949005127e-01
-2.892779409885406494e-01;-5.718344449996948242e-02;-2.369499355554580688e-01
-2.835821732878684998e-02;-3.194917440414428711e-01;3.234409987926483154e-01
2.864832989871501923e-02;-1.541050076484680176e-01;1.359016150236129761e-01
-7.903419435024261475e-02;1.820128709077835083e-01;6.364953238517045975e-03
-1.534410566091537476e-02;1.820214837789535522e-01;-7.064731419086456299e-02
5.065560340881347656e-01;3.555180504918098450e-02;-1.331757903099060059e-01
-2.866001129150390625e-01;4.258722066879272461e-01;-1.966283917427062988e-01
-3.009999170899391174e-02;-4.214997291564941406e-01;-2.997226417064666748e-01
-5.075416564941406250e-01;1.631674617528915405e-01;7.450457662343978882e-02
4.429357647895812988e-01;5.810239911079406738e-02;-4.548887610435485840e-01
2.631558477878570557e-01;-4.834578037261962891e-01;-1.539620161056518555e-01
-6.243161112070083618e-02;-2.560766339302062988e-01;-2.499881684780120850e-01
5.291504263877868652e-01;1.938445419073104858e-01;-3.963802009820938110e-02
-3.910253345966339111e-01;3.364214790053665638e-04;2.717850506305694580e-01
-3.826550841331481934e-01;-6.144767999649047852e-01;-4.616749882698059082e-01
4.483030736446380615e-01;7.205511331558227539e-01;3.334439098834991455e-01
3.150312602519989014e-01;-6.284137368202209473e-01;7.767066359519958496e-02
2.779206931591033936e-01;1.843006117269396782e-03;3.293186128139495850e-01
-3.857599794864654541e-01;7.527071237564086914e-01;2.306140214204788208e-01
4.196424186229705811e-01;1.363659203052520752e-01;3.487833142280578613e-01
-3.426414132118225098e-01;1.887127310037612915e-01;-2.133181989192962646e-01
7.691594213247299194e-02;-6.790933012962341309e-01;4.067813158035278320e-01
-1.731997579336166382e-01;-6.622359156608581543e-01;-3.303394317626953125e-01
2.756183445453643799e-01;-6.715026497840881348e-01;-4.823644757270812988e-01
-2.850337624549865723e-01;3.103442788124084473e-01;3.838891163468360901e-02
3.745128512382507324e-01;4.084934294223785400e-01;-2.899574339389801025e-01
2.774358689785003662e-01;1.873506754636764526e-01;-2.492557168006896973e-01
7.255712058395147324e-03;6.742649674415588379e-01;4.898645877838134766e-01
1.771311648190021515e-02;-4.654893279075622559e-01;-2.639894485473632812e-01
-2.768285870552062988e-01;4.471152722835540771e-01;-4.364421591162681580e-02
8.812113851308822632e-02;2.161596417427062988e-01;3.671663105487823486e-01
1.690659224987030029e-01;1.817013770341873169e-01;-1.640747785568237305e-01
-1.952114999294281006e-01;9.856920689344406128e-02;-5.150588750839233398e-01
1.972469091415405273e-01;-6.789307594299316406e-01;-3.666531741619110107e-01
-1.679964512586593628e-01;-9.441211074590682983e-02;-5.004631280899047852e-01
2.112179100513458252e-01;-3.843231499195098877e-01;1.851749271154403687e-01
5.187455564737319946e-02;1.822645515203475952e-01;6.377439945936203003e-02
-4.383114874362945557e-01;4.978018105030059814e-01;-1.196913421154022217e-01
3.827673494815826416e-01;-6.043761223554611206e-02;-3.801559805870056152e-01
9.483195841312408447e-02;-5.694108828902244568e-02;-2.208717763423919678e-01
1.802341938018798828e-01;-2.927095890045166016e-01;1.577869653701782227e-01
-2.765546441078186035e-01;-5.715662613511085510e-02;-2.204903066158294678e-01
-3.560125529766082764e-01;2.882126532495021820e-02;-5.125404596328735352e-01
5.534170866012573242e-01;-4.573434293270111084e-01;1.738345921039581299e-01
5.102344155311584473e-01;7.708557695150375366e-02;-9.105124324560165405e-02
1.445782631635665894e-01;5.098782945424318314e-03;-5.470920801162719727e-01
-4.246825873851776123e-01;2.539558708667755127e-01;3.305797576904296875e-01
3.175129294395446777e-01;8.083624243736267090e-01;4.629208743572235107e-01
-1.971791535615921021e-01;-3.820892870426177979e-01;1.798606365919113159e-01
-4.879800230264663696e-02;3.396047353744506836e-01;1.335919201374053955e-01
-2.841832339763641357e-01;3.061459362506866455e-01;3.605942428112030029e-01
-3.970704078674316406e-01;2.820732593536376953e-01;-2.897125482559204102e-01
1.138574630022048950e-01;1.154816448688507080e-01;-4.912372529506683350e-01
2.370756715536117554e-01;1.692984998226165771e-01;-4.123123884201049805e-01
1.975041441619396210e-02;1.464038491249084473e-01;-4.537385404109954834e-01
-1.160455495119094849e-01;-5.413818359375000000e-01;3.459420800209045410e-01
-2.673337757587432861e-01;-5.614722967147827148e-01;-5.478845834732055664e-01
-1.484746038913726807e-01;-6.114766001701354980e-02;6.065029650926589966e-02
-4.805204868316650391e-01;2.311943098902702332e-02;-1.579515784978866577e-01
3.761879503726959229e-01;-5.147203207015991211e-01;-4.993156194686889648e-01
-3.566578924655914307e-01;-6.120483279228210449e-01;-3.215341567993164062e-01
-3.799720108509063721e-01;1.141063198447227478e-01;-4.775677025318145752e-01
-4.312150776386260986e-01;7.375856041908264160e-01;2.865036427974700928e-01
-2.611701190471649170e-01;1.364244371652603149e-01;-4.675591588020324707e-01
2.863280773162841797e-01;-3.960506021976470947e-01;-4.187059104442596436e-01
3.415152430534362793e-01;4.544174075126647949e-01;-2.290745228528976440e-01
8.057954907417297363e-02;8.439727425575256348e-01;5.021213889122009277e-01
-4.428253471851348877e-01;-1.932497136294841766e-02;-2.360107451677322388e-01
4.269835054874420166e-01;-3.854747116565704346e-01;1.556221246719360352e-01
3.607819676399230957e-01;-5.287816375494003296e-02;-4.818832278251647949e-01
6.375428289175033569e-02;1.377046406269073486e-01;-4.645890891551971436e-01
4.614665508270263672e-01;-6.853644251823425293e-01;4.881408438086509705e-02
3.304661512374877930e-01;3.175416886806488037e-01;3.624309003353118896e-01
-2.956758439540863037e-01;-3.929565250873565674e-01;-3.574039638042449951e-01
-4.543410837650299072e-01;-5.441027879714965820e-01;-5.877703428268432617e-03
5.100443363189697266e-01;8.474313467741012573e-02;1.769965291023254395e-01
-2.232623696327209473e-01;-5.573442950844764709e-02;1.282636821269989014e-01
-4.246694743633270264e-01;-3.533712029457092285e-02;-1.181014329195022583e-01
5.258957743644714355e-01;1.850239485502243042e-01;5.733796209096908569e-02
5.425663292407989502e-02;-2.573002576828002930e-01;-2.430375963449478149e-01
9.809283167123794556e-02;-2.705280184745788574e-01;2.087147980928421021e-01
1.199756115674972534e-01;-4.659174978733062744e-01;4.613241851329803467e-01
5.597252249717712402e-01;-5.821303725242614746e-01;2.232203930616378784e-01
4.205689728260040283e-01;7.419884204864501953e-01;2.508426606655120850e-01
-3.075824677944183350e-01;-5.105075240135192871e-01;-5.103258043527603149e-02
5.745199918746948242e-01;4.358690083026885986e-01;-1.841440945863723755e-01
-7.383339852094650269e-02;9.793736040592193604e-02;-5.144350528717041016e-01
-8.289372920989990234e-02;-3.603885471820831299e-01;3.427579998970031738e-01
-4.721158146858215332e-01;8.596307039260864258e-02;-3.802375793457031250e-01
8.477981202304363251e-03;4.905692338943481445e-01;4.045563936233520508e-01
-2.933518290519714355e-01;2.990093529224395752e-01;-2.263905256986618042e-01
-2.904903590679168701e-01;-2.593276277184486389e-02;2.705415487289428711e-01
2.385360747575759888e-01;-5.353035330772399902e-01;-5.306782126426696777e-01
-1.833330839872360229e-01;-2.636747658252716064e-01;-1.906120926141738892e-01
-2.249754071235656738e-01;-4.012940451502799988e-02;2.596707940101623535e-01
-5.733562111854553223e-01;3.359528779983520508e-01;-1.015832088887691498e-02
-1.720930933952331543e-01;-6.768425703048706055e-01;-3.643089532852172852e-01
-1.474479883909225464e-01;-5.851327627897262573e-02;8.184731006622314453e-02
-2.832898199558258057e-01;-6.976467370986938477e-02;-3.516047894954681396e-01
-1.567552536725997925e-01;-5.999859571456909180e-01;-4.621995389461517334e-01
2.526213824748992920e-01;-5.271098762750625610e-02;1.955256611108779907e-01
-1.995722502470016479e-01;-1.054378300905227661e-01;-4.614157676696777344e-01
-1.947923749685287476e-01;-5.596512556076049805e-01;6.552635692059993744e-03
5.104851722717285156e-01;4.510908573865890503e-02;-1.002748012542724609e-01
1.783309280872344971e-01;-7.687775790691375732e-02;-3.628540635108947754e-01
-2.027686983346939087e-01;-1.892611756920814514e-02;-5.544322133064270020e-01
3.846950531005859375e-01;-6.735206246376037598e-01;5.159362405538558960e-02
2.612786591053009033e-01;7.471835017204284668e-01;5.197674036026000977e-01
-4.508855938911437988e-01;1.706237643957138062e-01;-2.034996449947357178e-01
3.318174779415130615e-01;-3.251137137413024902e-01;1.303503215312957764e-01
-1.548907160758972168e-01;4.952789247035980225e-01;1.619813293218612671e-01
2.488137036561965942e-01;-5.881276726722717285e-01;1.050455197691917419e-01
-2.507071197032928467e-01;-5.649860501289367676e-01;-2.101613581180572510e-01
1.988390684127807617e-01;-2.641655802726745605e-01;-1.883259266614913940e-01
3.592836260795593262e-01;4.928143024444580078e-01;-1.472724825143814087e-01
-2.983343005180358887e-01;-3.930910825729370117e-01;-3.672793209552764893e-01
-3.650645613670349121e-01;5.169336199760437012e-01;1.027974635362625122e-01
4.889970421791076660e-01;1.431765705347061157e-01;-3.028960824012756348e-01
-4.961097836494445801e-01;1.921945661306381226e-01;2.058266848325729370e-01
-1.569677740335464478e-01;-5.394517183303833008e-01;-4.659171104431152344e-01
-2.903868556022644043e-01;4.642938971519470215e-01;3.738026320934295654e-02
-2.124654799699783325e-01;8.281314373016357422e-01;3.014478981494903564e-01
-5.044489502906799316e-01;-5.768379569053649902e-01;9.063920006155967712e-03
-3.083993494510650635e-01;1.203969866037368774e-01;3.540052175521850586e-01
1.335447728633880615e-01;3.101499080657958984e-01;3.790684342384338379e-01
-4.047562777996063232e-01;-7.022346854209899902e-01;1.078416854143142700e-01
1.809666007757186890e-01;-2.163698896765708923e-02;3.065380752086639404e-01
-4.133263528347015381e-01;7.139306068420410156e-01;2.093126028776168823e-01
-1.169261410832405090e-01;4.709024131298065186e-01;4.010125994682312012e-01
-2.859427332878112793e-01;1.815499216318130493e-01;-2.304487079381942749e-01
3.519940078258514404e-01;-3.466439247131347656e-01;1.468589603900909424e-01
2.974775061011314392e-02;4.077922552824020386e-02;-5.415933132171630859e-01
5.071312189102172852e-01;2.178165912628173828e-01;2.362236082553863525e-01
1.206671968102455139e-01;-4.867354333400726318e-01;4.720769822597503662e-01
1.817170083522796631e-01;-5.794510841369628906e-01;-2.041334658861160278e-01
3.688093423843383789e-01;-4.468940198421478271e-01;-3.021840751171112061e-02
-3.371400237083435059e-01;-4.530600309371948242e-01;-4.539707675576210022e-02
4.619672000408172607e-01;1.743452996015548706e-01;-3.224675655364990234e-01
1.077204346656799316e-01;5.903028249740600586e-01;1.793058812618255615e-01
-1.335081160068511963e-01;-6.153390407562255859e-01;-4.288617372512817383e-01
-2.276837825775146484e-01;4.539602398872375488e-01;1.489895880222320557e-01
-5.209107995033264160e-01;4.790269434452056885e-01;-1.776012927293777466e-01
1.923896372318267822e-01;-5.980167910456657410e-02;-2.404587529599666595e-02
-2.522371709346771240e-01;-4.261232540011405945e-02;-5.382688641548156738e-01
2.621517889201641083e-02;1.797714829444885254e-01;-3.749095201492309570e-01
-3.023957908153533936e-01;6.414713263511657715e-01;1.797795593738555908e-01
-1.459984332323074341e-01;-6.011885404586791992e-01;-2.682675123214721680e-01
-5.368939042091369629e-02;-1.003575623035430908e-01;-4.092152416706085205e-01
-4.026713371276855469e-01;-5.323953628540039062e-01;-4.496521055698394775e-01
-4.229283928871154785e-01;5.278663039207458496e-01;3.584007322788238525e-01
-3.041130006313323975e-01;-5.960639119148254395e-01;1.904222518205642700e-01
4.517132341861724854e-01;-3.981736004352569580e-01;7.404059916734695435e-02
-4.844449460506439209e-01;5.741313099861145020e-01;1.861679852008819580e-01
-1.572479903697967529e-01;1.133053526282310486e-01;3.708733916282653809e-01
3.065152764320373535e-01;2.211218029260635376e-01;-6.537919864058494568e-03
3.461347818374633789e-01;2.305154502391815186e-01;-1.078660860657691956e-01
1.079309880733489990e-01;1.093312948942184448e-01;3.705815672874450684e-01
1.966330707073211670e-01;1.204997524619102478e-01;-4.842707812786102295e-01
4.788717329502105713e-01;6.471022963523864746e-01;3.198730647563934326e-01
3.339599967002868652e-01;-5.313735604286193848e-01;-3.468238189816474915e-02
2.907668948173522949e-01;1.860850751399993896e-01;-3.508590757846832275e-01
-6.137998402118682861e-02;4.391157329082489014e-01;3.942694664001464844e-01
-1.410838067531585693e-01;1.817830651998519897e-01;-1.227131560444831848e-01
1.421899348497390747e-02;-7.014262676239013672e-01;4.647641479969024658e-01
-3.568354249000549316e-01;-4.065882265567779541e-01;1.938605904579162598e-01
3.073065876960754395e-01;-2.994242906570434570e-01;6.562254577875137329e-02
-1.208004131913185120e-01;-4.883359968662261963e-01;3.505651950836181641e-01
3.593132197856903076e-01;3.879433870315551758e-01;3.688640296459197998e-01
2.374912351369857788e-01;-3.693538904190063477e-02;2.710410356521606445e-01
1.812307536602020264e-01;5.812815427780151367e-01;4.248548448085784912e-01
-4.873878657817840576e-01;6.074649095535278320e-02;-2.527464926242828369e-01
1.342605650424957275e-01;3.231432437896728516e-01;3.811452686786651611e-01
2.868546843528747559e-01;-3.784384131431579590e-01;-3.498856425285339355e-01
2.733862996101379395e-01;-5.844548344612121582e-01;1.539087146520614624e-01
-5.342611074447631836e-01;4.860717654228210449e-01;1.123917549848556519e-01
5.781278014183044434e-01;3.265704214572906494e-01;-2.094557136297225952e-01
-1.019497141242027283e-01;-2.306799441576004028e-01;1.359237581491470337e-01
3.162564337253570557e-01;-4.150282964110374451e-02;2.165662348270416260e-01
-1.490719020366668701e-01;3.719966113567352295e-01;1.383364796638488770e-01
3.118808567523956299e-01;-5.348075032234191895e-01;-3.187806531786918640e-02
-4.967186748981475830e-01;2.627969980239868164e-01;8.970253914594650269e-02
-2.203026264905929565e-01;-3.145990669727325439e-01;-2.742734253406524658e-01
-1.297656893730163574e-01;-1.358377784490585327e-01;6.105739623308181763e-02
2.388854175806045532e-01;-5.269705653190612793e-01;1.809922605752944946e-01
3.101586699485778809e-01;2.534171938896179199e-01;1.038077920675277710e-01
-3.481028676033020020e-01;8.182215094566345215e-01;3.212339282035827637e-01
5.163289904594421387e-01;-6.795562505722045898e-01;1.599706858396530151e-01
-3.964819610118865967e-01;-5.546409487724304199e-01;-2.214331366121768951e-02
-5.559699535369873047e-01;3.024684786796569824e-01;-1.566612161695957184e-02
5.984775424003601074e-01;3.944764733314514160e-01;3.025952726602554321e-02
4.693410694599151611e-01;-4.015783313661813736e-03;-3.401468396186828613e-01
-1.795690953731536865e-01;-2.342261821031570435e-01;-7.385298609733581543e-02
2.069291770458221436e-01;-1.011446639895439148e-01;-4.096617102622985840e-01
1.723058708012104034e-02;-1.039258614182472229e-01;-4.158226847648620605e-01
-4.303357750177383423e-02;-2.642529308795928955e-01;2.386465221643447876e-01
-4.336979091167449951e-01;-6.285421252250671387e-01;-5.870361812412738800e-03
3.934830427169799805e-02;-5.696723461151123047e-01;2.013715058565139771e-01
-4.249913692474365234e-01;4.069441854953765869e-01;-3.033943474292755127e-01
-2.682583034038543701e-01;-8.694493025541305542e-02;-4.946684539318084717e-01
5.081257224082946777e-01;-4.944196343421936035e-01;2.014996297657489777e-02
9.669734165072441101e-03;-6.989027857780456543e-01;4.178791046142578125e-01
-3.541839122772216797e-01;6.106305718421936035e-01;1.411170661449432373e-01
1.512078791856765747e-01;-2.879315912723541260e-01;-2.825183272361755371e-01
-5.262455344200134277e-01;2.589483261108398438e-01;-6.214470043778419495e-02
5.422114729881286621e-01;2.738714814186096191e-01;-1.802002489566802979e-01
7.937032729387283325e-02;-5.438258051872253418e-01;-1.952220052480697632e-01
-4.498246312141418457e-01;2.670127153396606445e-01;-2.659512758255004883e-01
-4.487651884555816650e-01;-3.150223195552825928e-02;1.507212668657302856e-01
-2.740406692028045654e-01;5.581019520759582520e-01;4.174316525459289551e-01
-1.219785362482070923e-01;-6.073721051216125488e-01;4.064493477344512939e-01
-1.113943755626678467e-01;-2.994500398635864258e-01;-3.015992343425750732e-01
-4.281411170959472656e-01;5.269252061843872070e-01;3.533045947551727295e-01
-1.383994668722152710e-01;-5.386022329330444336e-01;-1.237964704632759094e-01
-2.626159489154815674e-01;5.554738268256187439e-02;3.634769916534423828e-01
-4.098603427410125732e-01;4.534699618816375732e-01;-2.670573890209197998e-01
5.639887228608131409e-02;1.130546703934669495e-01;3.705124258995056152e-01
-2.718667685985565186e-01;1.814714223146438599e-01;-2.355761677026748657e-01
-5.083458423614501953e-01;2.069649100303649902e-01;-7.649093121290206909e-02
2.236160784959793091e-01;-6.423205733299255371e-01;-4.941208064556121826e-01
-4.453223645687103271e-01;5.567352175712585449e-01;3.432435989379882812e-01
-4.710126221179962158e-01;4.570271670818328857e-01;2.960556745529174805e-01
3.844401612877845764e-02;-3.094568252563476562e-01;3.133619129657745361e-01
1.170485913753509521e-01;-5.686009302735328674e-02;-2.260495722293853760e-01
-1.363882701843976974e-02;-4.472332596778869629e-01;5.504363179206848145e-01
-2.787183821201324463e-01;-4.214398264884948730e-01;-4.812276065349578857e-01
4.351663291454315186e-01;-3.506524488329887390e-02;-2.445320785045623779e-01
-5.091391205787658691e-01;4.990863204002380371e-01;3.174357861280441284e-02
-3.540254235267639160e-01;-4.357324838638305664e-01;-4.339607954025268555e-01
4.820966720581054688e-01;-5.041692256927490234e-01;2.603378295898437500e-01
1.234216317534446716e-01;-2.901464402675628662e-01;1.908359378576278687e-01
-4.888738393783569336e-01;-4.406582415103912354e-01;3.268677368760108948e-02
4.984863568097352982e-03;-1.112480908632278442e-01;1.380306184291839600e-01
-2.562572248280048370e-02;-4.431741237640380859e-01;-2.951196730136871338e-01
-2.509548664093017578e-01;8.606802225112915039e-01;4.018963873386383057e-01
8.548665046691894531e-02;-8.431219309568405151e-02;-5.093910694122314453e-01
3.689273595809936523e-01;4.720025695860385895e-03;2.875376641750335693e-01
5.470624566078186035e-02;-3.369994461536407471e-01;3.423992097377777100e-01
-6.121141090989112854e-02;-5.841194391250610352e-01;2.618999481201171875e-01
-1.635771840810775757e-01;-5.784906148910522461e-01;-2.022205144166946411e-01
-3.636151850223541260e-01;2.429809570312500000e-01;-1.777630895376205444e-01
-7.692692428827285767e-02;-5.527071356773376465e-01;-1.879143714904785156e-01
2.102776318788528442e-01;-2.619897723197937012e-01;-8.163475245237350464e-02
-2.283016145229339600e-01;8.078693151473999023e-01;5.127424001693725586e-01
-2.868573963642120361e-01;-6.214357018470764160e-01;9.087619930505752563e-02
-2.215997129678726196e-01;-2.088166959583759308e-02;3.049876093864440918e-01
2.814590334892272949e-01;3.385610580444335938e-01;-1.154536039393860847e-05
3.975432515144348145e-01;-6.154507994651794434e-01;-3.398806452751159668e-01
3.586885333061218262e-01;-5.441349372267723083e-02;-2.264356613159179688e-01
-3.236508071422576904e-01;-5.975874066352844238e-01;2.253355691209435463e-03
2.043476551771163940e-01;-6.804118752479553223e-01;-4.203312695026397705e-01
-1.226082667708396912e-01;1.532036811113357544e-01;-4.457044899463653564e-01
-1.664888411760330200e-01;1.818123906850814819e-01;-6.181452795863151550e-02
-5.902481079101562500e-02;3.480169177055358887e-01;3.798124790191650391e-01
4.288706183433532715e-01;4.547848999500274658e-01;-2.695566117763519287e-01
4.491000771522521973e-01;1.955832839012145996e-01;-1.445370018482208252e-01
3.111783862113952637e-01;4.676823616027832031e-01;-1.021534353494644165e-01
-1.288682073354721069e-01;2.003942131996154785e-01;1.086563467979431152e-01
4.162651002407073975e-01;2.506977021694183350e-01;-2.416765391826629639e-01
-2.295685559511184692e-01;-4.276134967803955078e-01;-1.139084622263908386e-01
-8.585346490144729614e-02;-2.272613346576690674e-01;1.459668725728988647e-01
3.513148427009582520e-01;3.542279303073883057e-01;3.641219139099121094e-01
1.299289017915725708e-01;7.451668977737426758e-01;2.335813194513320923e-01
3.961927294731140137e-01;-5.990839600563049316e-01;-4.785927534103393555e-01
-1.808902472257614136e-01;2.352540940046310425e-01;3.622360229492187500e-01
-9.763354063034057617e-02;1.819377839565277100e-01;-3.804495185613632202e-02
3.685455620288848877e-01;4.654469490051269531e-01;-2.394782751798629761e-01
2.235012874007225037e-02;-4.947038292884826660e-01;5.761502385139465332e-01
-2.432934753596782684e-02;-4.403351247310638428e-01;-2.934489250183105469e-01
-2.874022126197814941e-01;4.612660408020019531e-01;5.461276695132255554e-02
5.534399747848510742e-01;-4.596987366676330566e-01;7.332333177328109741e-02
-2.856432795524597168e-01;-5.842049717903137207e-01;1.798143684864044189e-01
1.915179491043090820e-01;-4.911769628524780273e-01;1.721372902393341064e-01
3.517734706401824951e-01;1.888577491044998169e-01;-2.495049983263015747e-01
4.539469480514526367e-01;5.435402989387512207e-01;1.351911276578903198e-01
-2.704257369041442871e-01;-3.613287582993507385e-02;2.624809741973876953e-01
2.724026739597320557e-01;6.025524735450744629e-01;1.817409992218017578e-01
2.115179449319839478e-01;-3.097053468227386475e-01;-2.822155952453613281e-01
-2.991543114185333252e-01;2.220969181507825851e-03;3.102843463420867920e-01
-5.203591585159301758e-01;3.028798401355743408e-01;1.967109441757202148e-01
1.184519678354263306e-01;4.814375191926956177e-02;-5.389814972877502441e-01
-9.838645905256271362e-02;-6.224420666694641113e-01;5.224195122718811035e-01
-1.186564564704895020e-01;-6.152051091194152832e-01;4.535224437713623047e-01
-1.577699929475784302e-01;1.861976981163024902e-01;9.427820891141891479e-02
2.545654773712158203e-01;3.919071853160858154e-01;1.118486747145652771e-01
4.260855913162231445e-01;4.251120388507843018e-01;-2.850929200649261475e-01
-5.537994503974914551e-01;4.265331625938415527e-01;-2.161079049110412598e-01
2.819726765155792236e-01;-6.453394144773483276e-02;-5.195983648300170898e-01
-3.124504387378692627e-01;4.820251166820526123e-01;-1.547297984361648560e-01
-2.486420422792434692e-01;-5.705562606453895569e-02;-2.741219997406005859e-01
3.160253763198852539e-01;-5.289173498749732971e-02;-9.634356014430522919e-03
-1.003452464938163757e-01;-3.936573863029479980e-01;3.467406630516052246e-01
-3.799587190151214600e-01;6.827427148818969727e-01;4.205234646797180176e-01
-1.387724280357360840e-01;-5.320037603378295898e-01;-4.406024515628814697e-01
-4.232558310031890869e-01;4.690842926502227783e-01;-2.291523069143295288e-01
3.279938101768493652e-01;-6.955022215843200684e-01;-3.885030150413513184e-01
3.672204017639160156e-01;1.604527384042739868e-01;-4.343681335449218750e-01
1.266399919986724854e-01;-6.217913031578063965e-01;4.244275093078613281e-01
1.357431411743164062e-01;-1.003483980894088745e-01;-1.161628738045692444e-01
1.437103599309921265e-01;2.527828328311443329e-02;-5.451902747154235840e-01
7.545360922813415527e-02;-1.001920700073242188e-01;-4.814144968986511230e-01
-2.948305606842041016e-01;-3.040134012699127197e-01;-4.351060837507247925e-03
-2.845796346664428711e-01;-9.305763989686965942e-02;-4.619377851486206055e-01
-3.018901944160461426e-01;-5.708075687289237976e-02;-2.315507829189300537e-01
-4.275162816047668457e-01;-2.567063271999359131e-02;-3.209953606128692627e-01
-3.708607703447341919e-02;1.124206036329269409e-01;-4.966307580471038818e-01
2.721551656723022461e-01;6.194378137588500977e-01;4.341869652271270752e-01
2.290839850902557373e-01;-1.108745783567428589e-01;-4.470560550689697266e-01
-3.090362995862960815e-02;3.348919153213500977e-01;1.329181790351867676e-01
3.561526238918304443e-01;-6.741864681243896484e-01;-4.405768215656280518e-01
-1.606670022010803223e-01;-5.698670148849487305e-01;-1.853204220533370972e-01
-4.415154159069061279e-01;1.706356182694435120e-02;-4.158917665481567383e-01
5.072743892669677734e-01;2.331562787294387817e-01;-1.097833812236785889e-01
1.633668094873428345e-01;-5.472391843795776367e-01;9.573239088058471680e-02
2.501949071884155273e-01;-7.010687589645385742e-01;-4.101276099681854248e-01
-4.575343430042266846e-01;2.463539987802505493e-01;-1.981196701526641846e-01
-1.119362935423851013e-01;5.667078495025634766e-01;1.766013056039810181e-01
1.313338428735733032e-01;-4.797157347202301025e-01;2.899708151817321777e-01
2.118631899356842041e-01;-5.580603703856468201e-02;-3.156513869762420654e-01
-3.172973692417144775e-01;2.764472067356109619e-01;3.481682240962982178e-01
5.102411508560180664e-01;5.015035271644592285e-01;-3.849080204963684082e-02
1.495315730571746826e-01;2.107221186161041260e-01;1.219464167952537537e-01
4.300467967987060547e-01;2.721035480499267578e-01;3.393500447273254395e-01
5.257232189178466797e-01;2.763132750988006592e-01;1.329104304313659668e-01
-1.791984140872955322e-01;-5.131886601448059082e-01;1.598732173442840576e-01
-1.094318032264709473e-01;-5.457672476768493652e-01;5.290111303329467773e-01
-3.724243342876434326e-01;-5.996375679969787598e-01;-4.827174842357635498e-01
-5.588726997375488281e-01;4.290791451930999756e-01;-1.996310651302337646e-01
-3.760395348072052002e-01;-3.540441989898681641e-01;4.055015742778778076e-02
-3.078386187553405762e-01;4.776507019996643066e-01;-1.520014554262161255e-01
4.394269287586212158e-01;-5.069251060485839844e-01;-7.710341364145278931e-03
-3.918734788894653320e-01;-3.657522201538085938e-01;3.938965871930122375e-02
-1.246426105499267578e-01;7.974311709403991699e-01;2.614262104034423828e-01
-2.714588940143585205e-01;-2.824038565158843994e-01;9.561946499161422253e-04
5.072229504585266113e-01;9.642757475376129150e-02;-3.917169570922851562e-02
1.667794436216354370e-01;-2.013138234615325928e-01;-7.032418996095657349e-02
5.392309427261352539e-01;-4.404444098472595215e-01;1.652175635099411011e-01
1.330087333917617798e-01;-3.628115057945251465e-01;2.311364263296127319e-01
-1.706241071224212646e-01;5.717970728874206543e-01;4.259850680828094482e-01
-1.007999703288078308e-01;-3.699108660221099854e-01;3.237195312976837158e-01
-1.090112403035163879e-01;-8.038298040628433228e-02;-1.357193142175674438e-01
-3.381168246269226074e-01;-6.460843086242675781e-01;1.893836110830307007e-01
-5.686662718653678894e-02;-5.540800839662551880e-02;1.653306037187576294e-01
-5.598335713148117065e-02;5.266531705856323242e-01;1.675752401351928711e-01
3.517675697803497314e-01;7.781457901000976562e-01;4.456545114517211914e-01
4.204517900943756104e-01;-5.777668356895446777e-01;-4.551538228988647461e-01
3.230412304401397705e-01;2.479687333106994629e-01;-8.165840059518814087e-02
4.705129563808441162e-02;7.712744474411010742e-01;5.468784570693969727e-01
3.698437288403511047e-02;7.783803939819335938e-01;5.492487549781799316e-01
-5.828484296798706055e-01;4.241886138916015625e-01;3.843296691775321960e-02
-2.490830421447753906e-01;1.816411018371582031e-01;-1.095476821064949036e-01
-4.957746565341949463e-01;1.641972810029983521e-01;2.578017413616180420e-01
1.699776947498321533e-02;1.791340708732604980e-01;-3.772705495357513428e-01
-4.488580822944641113e-01;8.700439333915710449e-02;3.149439394474029541e-01
3.666509091854095459e-01;-6.787931919097900391e-01;-3.656366169452667236e-01
2.785965800285339355e-01;-3.616784512996673584e-01;-6.651146709918975830e-02
2.484487295150756836e-01;5.020490288734436035e-01;4.125861525535583496e-01
-4.948252737522125244e-01;1.469000875949859619e-01;1.863782405853271484e-01
8.653906732797622681e-02;5.645961165428161621e-01;1.741034388542175293e-01
-9.510653465986251831e-02;1.784737408161163330e-01;-3.801097869873046875e-01
-3.827589005231857300e-02;-9.696142375469207764e-02;-1.757868081331253052e-01
-2.800884544849395752e-01;-3.976426124572753906e-01;-2.221141904592514038e-01
3.630633950233459473e-01;6.712471246719360352e-01;4.406450092792510986e-01
-3.005167245864868164e-01;-3.012687563896179199e-01;6.621845066547393799e-02
-1.860386431217193604e-01;2.070534229278564453e-01;3.668192625045776367e-01
3.085829317569732666e-01;1.811909675598144531e-02;-5.392853021621704102e-01
4.185655713081359863e-01;3.258182108402252197e-01;-3.007136881351470947e-01
5.100153088569641113e-01;7.791045308113098145e-02;-5.085576698184013367e-02
-2.887960374355316162e-01;2.733549177646636963e-01;7.016603648662567139e-02
2.451335936784744263e-01;-4.379826188087463379e-01;-4.833677411079406738e-01
-5.288720726966857910e-01;-4.365486800670623779e-01;1.328640878200531006e-01
-3.087077438831329346e-01;1.640138030052185059e-01;-4.276320040225982666e-01
-2.297950536012649536e-01;-5.322786569595336914e-01;1.712805479764938354e-01
4.359931349754333496e-01;3.895395696163177490e-01;-3.026595413684844971e-01
-1.315871477127075195e-01;1.281520724296569824e-01;-4.775137305259704590e-01
-3.066987097263336182e-01;6.795496344566345215e-01;4.624965488910675049e-01
4.075752198696136475e-01;-4.943437129259109497e-02;-9.079142659902572632e-02
4.382111728191375732e-01;-6.261649131774902344e-01;4.473154433071613312e-03
-3.409287035465240479e-01;-4.167449176311492920e-01;1.993709802627563477e-01
-5.112977027893066406e-01;1.696722954511642456e-01;-4.066253826022148132e-02
3.561892211437225342e-01;-4.417616426944732666e-01;-3.059757351875305176e-01
3.610344827175140381e-01;-5.511976480484008789e-01;-5.151816010475158691e-01
-2.935201227664947510e-01;6.323190927505493164e-01;4.332961142063140869e-01
-4.033837318420410156e-01;7.378880381584167480e-01;2.229418903589248657e-01
4.396262764930725098e-01;1.760618090629577637e-01;-3.424873054027557373e-01
1.318940818309783936e-01;-3.892116993665695190e-02;2.655022144317626953e-01
-2.452413141727447510e-01;8.500592112541198730e-01;3.501173853874206543e-01
-5.712951421737670898e-01;-5.811653733253479004e-01;1.678555607795715332e-01
5.021473858505487442e-03;-6.399078965187072754e-01;5.626878142356872559e-01
4.245108962059020996e-01;4.848532378673553467e-02;3.197105228900909424e-01
2.758937180042266846e-01;7.934805154800415039e-01;2.601108253002166748e-01
-2.672508955001831055e-01;-5.685924738645553589e-02;-1.617977917194366455e-01
-4.450539052486419678e-01;7.174160480499267578e-01;2.720749676227569580e-01
-1.826640218496322632e-01;7.380670309066772461e-01;2.257211506366729736e-01
-4.480984210968017578e-01;1.718720644712448120e-01;-2.000952363014221191e-01
-2.020232081413269043e-01;-5.724060907959938049e-02;-3.265742063522338867e-01
-4.567767977714538574e-01;6.675156354904174805e-01;2.077233493328094482e-01
1.018913909792900085e-01;2.614088915288448334e-02;3.531667888164520264e-01
-1.239341273903846741e-01;-3.742794319987297058e-02;-5.456402897834777832e-01
2.639624178409576416e-01;-3.512980043888092041e-01;1.808751821517944336e-01
-3.600970804691314697e-01;-4.685700237751007080e-01;-4.744303822517395020e-01
5.355042815208435059e-01;2.732102274894714355e-01;-1.406027376651763916e-01
-2.899679541587829590e-01;-6.779162883758544922e-01;-3.215312957763671875e-01
-3.118560612201690674e-01;3.259115517139434814e-01;3.609646260738372803e-01
-2.571776509284973145e-01;-3.975302875041961670e-01;-4.351566433906555176e-01
2.199740111827850342e-01;5.136381983757019043e-01;1.653932482004165649e-01
2.556615769863128662e-01;-5.727268457412719727e-01;-2.063623219728469849e-01
-8.208706229925155640e-02;-5.123472213745117188e-01;5.877437070012092590e-02
3.971528112888336182e-01;-4.970903694629669189e-02;-7.475775480270385742e-02
3.399325907230377197e-01;8.068783879280090332e-01;4.372194111347198486e-01
5.036200284957885742e-01;1.827417463064193726e-01;2.062737643718719482e-01
1.679675728082656860e-01;-6.489899754524230957e-01;-3.575986027717590332e-01
-2.983498275279998779e-01;3.369603455066680908e-01;-2.585301697254180908e-01
3.080793321132659912e-01;3.288379907608032227e-01;-2.369208633899688721e-01
-3.942136764526367188e-01;2.450203895568847656e-01;-2.394131571054458618e-01
-3.669891059398651123e-01;-6.555149555206298828e-01;-3.811683058738708496e-01
4.490888416767120361e-01;4.667030274868011475e-01;3.416317105293273926e-01
-5.264499038457870483e-02;-5.842312052845954895e-02;-3.285949528217315674e-01
4.706015288829803467e-01;-6.549853682518005371e-01;2.032870613038539886e-02
4.719348847866058350e-01;1.432878822088241577e-01;-3.577746748924255371e-01
-2.016686797142028809e-01;7.547505497932434082e-01;5.317867994308471680e-01
3.479987978935241699e-01;4.745550751686096191e-01;-1.938451230525970459e-01
-4.341482520103454590e-01;1.145260035991668701e-01;-4.290414154529571533e-01
-4.858479797840118408e-01;3.363784551620483398e-01;2.558904588222503662e-01
-1.649618148803710938e-01;-3.476862907409667969e-01;-3.601553738117218018e-01
2.072844058275222778e-01;-1.830823719501495361e-02;3.145802319049835205e-01
3.134880065917968750e-01;-6.954718232154846191e-01;-3.465507924556732178e-01
-3.523423373699188232e-01;-5.190890282392501831e-02;-2.462476491928100586e-01
5.900871753692626953e-01;3.325081467628479004e-01;-1.027909666299819946e-01
-4.196513444185256958e-02;1.718740910291671753e-02;-5.474031567573547363e-01
-3.747051656246185303e-01;5.147144198417663574e-01;3.832210898399353027e-01
-1.195255815982818604e-01;-5.880728960037231445e-01;5.073893666267395020e-01
7.885879278182983398e-02;-1.295034587383270264e-01;1.261996179819107056e-01
-5.104141831398010254e-01;2.479135096073150635e-01;-9.671264141798019409e-02
1.078630704432725906e-02;-5.408778786659240723e-01;5.924751162528991699e-01
8.843964338302612305e-02;-4.896266460418701172e-01;-3.429107666015625000e-01
-5.717373490333557129e-01;-5.844456553459167480e-01;1.647973507642745972e-01
2.285254746675491333e-01;-3.042593300342559814e-01;1.534571796655654907e-01
2.891605496406555176e-01;-7.025581598281860352e-01;-3.993065059185028076e-01
9.415664523839950562e-02;-4.350556135177612305e-01;4.708655178546905518e-01
2.122621797025203705e-02;1.821167171001434326e-01;-3.160727024078369141e-02
-3.446101844310760498e-01;-4.494512975215911865e-01;-4.665576815605163574e-01
-4.916816949844360352e-01;8.069802075624465942e-02;-1.505698561668395996e-01
-2.601568698883056641e-01;3.920007944107055664e-01;7.002857327461242676e-02
-5.535300970077514648e-01;4.220378994941711426e-01;1.876427084207534790e-01
1.934156715869903564e-01;-5.594120174646377563e-02;-2.979728281497955322e-01
-3.692180812358856201e-01;4.483042657375335693e-01;-2.745139002799987793e-01
-2.748408727347850800e-02;-1.827465891838073730e-01;1.369949877262115479e-01
1.723770052194595337e-02;8.524489402770996094e-01;3.604544103145599365e-01
-2.850196659564971924e-01;3.561844527721405029e-01;3.720271289348602295e-01
-3.226446807384490967e-01;2.559183835983276367e-01;-1.141634434461593628e-01
-2.057138979434967041e-01;-4.380999207496643066e-01;-4.748895168304443359e-01
1.839053183794021606e-01;-2.726425826549530029e-01;-2.307405024766921997e-01
-2.865323796868324280e-03;1.859127879142761230e-01;-3.354966044425964355e-01
-2.702355086803436279e-01;5.100924372673034668e-01;1.551340818405151367e-01
-2.793471813201904297e-01;4.426898434758186340e-02;-5.414386391639709473e-01
1.290502399206161499e-01;-4.968167543411254883e-01;2.348823547363281250e-01
6.937307864427566528e-02;-5.489594340324401855e-01;1.833980530500411987e-01
-3.541831970214843750e-01;-5.089977383613586426e-01;2.245895266532897949e-01
3.248715400695800781e-01;2.796266078948974609e-01;-2.171899229288101196e-01
3.457853198051452637e-01;1.864949166774749756e-01;-2.080785036087036133e-01
4.854050874710083008e-01;5.100699067115783691e-01;3.055792748928070068e-01
2.587156891822814941e-01;7.175321578979492188e-01;5.122371315956115723e-01
-2.619860172271728516e-01;-3.209801316261291504e-01;-5.875912308692932129e-02
-1.046712100505828857e-01;-5.828074216842651367e-01;-2.687201201915740967e-01
1.054235361516475677e-02;2.283667027950286865e-01;1.236891224980354309e-01
-2.375985085964202881e-01;-3.375506699085235596e-01;-1.513064503669738770e-01
1.919007748365402222e-01;-5.195773243904113770e-01;-6.228644028306007385e-02
4.991318881511688232e-01;-4.276215434074401855e-01;2.027803063392639160e-01
4.067851901054382324e-01;6.948031187057495117e-01;4.147550165653228760e-01
-1.224130913615226746e-01;-5.025218129158020020e-01;4.331098198890686035e-01
-1.644224114716053009e-02;8.922678977251052856e-02;-5.237555503845214844e-01
4.985969066619873047e-01;5.499399900436401367e-01;1.999285966157913208e-01
2.434601932764053345e-01;-3.509100377559661865e-01;-3.375937640666961670e-01
-4.395698904991149902e-01;5.253718495368957520e-01;3.422339856624603271e-01
1.014132201671600342e-01;-5.485986471176147461e-01;-1.794125288724899292e-01
-4.257393479347229004e-01;6.366657614707946777e-01;3.776246309280395508e-01
-5.880866050720214844e-01;3.993442952632904053e-01;-9.029052406549453735e-02
-3.283062577247619629e-02;-3.256266117095947266e-01;-2.827045321464538574e-01
6.033698916435241699e-01;3.663588464260101318e-01;-1.014962047338485718e-01
3.483022749423980713e-01;4.989989697933197021e-01;-3.847586363554000854e-02
4.517983496189117432e-01;4.993762373924255371e-01;-9.452094882726669312e-02
-5.567070245742797852e-01;3.038253784179687500e-01;7.055282592773437500e-02
-5.970134958624839783e-02;1.815067976713180542e-01;-2.560991644859313965e-01
-4.563340544700622559e-01;1.920249778777360916e-04;2.359326928853988647e-01
3.789682686328887939e-01;1.756895482540130615e-01;-3.884498775005340576e-01
3.185034096240997314e-01;-6.952764391899108887e-01;-3.483822643756866455e-01
2.753738462924957275e-01;8.395993709564208984e-01;3.302091956138610840e-01
2.261883318424224854e-01;-6.740564107894897461e-01;-4.596139788627624512e-01
-1.588557064533233643e-01;-8.912863582372665405e-02;-8.733514696359634399e-03
-3.644160926342010498e-01;-4.197081923484802246e-01;-2.696364186704158783e-02
-1.707209199666976929e-01;3.687248528003692627e-01;1.356321573257446289e-01
1.431685835123062134e-01;-4.435675740242004395e-01;-4.036888480186462402e-01
3.578865826129913330e-01;7.970855236053466797e-01;4.218921661376953125e-01
5.027605220675468445e-02;-2.436940791085362434e-03;3.296679556369781494e-01
-4.109436273574829102e-01;7.666235566139221191e-01;2.963981926441192627e-01
-2.939261496067047119e-01;-2.996126413345336914e-01;8.365500718355178833e-02
-2.384180575609207153e-01;-6.472665071487426758e-01;-5.132952928543090820e-01
2.757570147514343262e-01;3.449914753437042236e-01;-5.395987257361412048e-02
4.775873124599456787e-01;5.044838190078735352e-01;6.375381350517272949e-02
1.559139043092727661e-01;5.831654667854309082e-01;4.255580604076385498e-01
-3.798616304993629456e-02;-2.315647602081298828e-01;1.908915787935256958e-01
-4.324495494365692139e-01;-4.171597361564636230e-01;1.929818838834762573e-02
-3.501471132040023804e-03;-4.977327883243560791e-01;-8.470623753964900970e-03
3.925822079181671143e-01;-4.276241958141326904e-01;-1.517830416560173035e-02
-1.123245060443878174e-02;1.821660697460174561e-01;5.713581293821334839e-02
-5.242478847503662109e-01;-5.736659169197082520e-01;2.381026595830917358e-01
-2.254165858030319214e-01;8.158449530601501465e-01;2.818349003791809082e-01
2.582616508007049561e-01;-5.125887989997863770e-01;-5.813547223806381226e-02
-1.685268431901931763e-02;4.433706030249595642e-02;3.648374378681182861e-01
4.166947901248931885e-01;-4.592801034450531006e-01;2.357523143291473389e-01
-3.217392265796661377e-01;-3.282256722450256348e-01;-9.025043807923793793e-03
-1.118994131684303284e-01;-3.182681500911712646e-01;2.148996591567993164e-01
4.649275839328765869e-01;-6.147627830505371094e-01;2.549504041671752930e-01
5.254927873611450195e-01;1.474511772394180298e-01;6.491734087467193604e-02
-7.432945072650909424e-02;-6.477896869182586670e-02;-3.409155607223510742e-01
-7.932323962450027466e-03;-2.528915181756019592e-02;2.963951230049133301e-01
-3.684205710887908936e-01;-5.250681638717651367e-01;-3.316905200481414795e-01
-1.000471785664558411e-02;2.048898190259933472e-01;1.144158244132995605e-01
-1.320228129625320435e-01;-2.774518132209777832e-01;1.547067910432815552e-01
-1.561908870935440063e-01;-2.216391861438751221e-01;9.574018418788909912e-02
-5.403746962547302246e-01;2.933306396007537842e-01;1.148303300142288208e-01
4.336590170860290527e-01;-5.100430846214294434e-01;-1.025141123682260513e-02
3.071470856666564941e-01;-5.575559660792350769e-02;-1.462193429470062256e-01
-1.741917803883552551e-02;2.921580672264099121e-01;1.276416778564453125e-01
-3.625097274780273438e-01;8.108721375465393066e-01;3.240328133106231689e-01
3.097113966941833496e-01;2.570290863513946533e-01;-2.358863130211830139e-02
1.885752081871032715e-01;7.966427803039550781e-01;5.357362627983093262e-01
-4.532934725284576416e-01;6.042094826698303223e-01;3.448838293552398682e-01
-1.756501495838165283e-01;-3.178919255733489990e-01;1.660313457250595093e-01
-2.927829623222351074e-01;-4.479046463966369629e-01;-5.040760636329650879e-01
-1.367669552564620972e-01;-2.561048865318298340e-01;-2.222003787755966187e-01
7.505506277084350586e-02;-5.218040347099304199e-01;1.243981346487998962e-01
-1.542448103427886963e-01;1.347224712371826172e-01;3.715640604496002197e-01
-2.684389948844909668e-01;3.569070398807525635e-01;-1.760633438825607300e-01
3.454222083091735840e-01;-3.212482333183288574e-01;3.444531559944152832e-02
4.202064871788024902e-01;-5.344769358634948730e-01;-3.817306756973266602e-01
1.330151557922363281e-01;-3.317489624023437500e-01;2.042222470045089722e-01
4.152659475803375244e-01;-6.923812031745910645e-01;1.912422329187393188e-01
-2.747980654239654541e-01;1.577681675553321838e-02;3.395578563213348389e-01
-1.345964968204498291e-01;-5.711470916867256165e-02;-2.384735196828842163e-01
-5.627836585044860840e-01;-5.574917793273925781e-01;1.945739686489105225e-01
-1.007600799202919006e-01;-4.314762651920318604e-01;4.081860184669494629e-01
-6.492860615253448486e-02;-5.690044537186622620e-02;-2.885203957557678223e-01
-3.516635000705718994e-01;-5.463097989559173584e-02;-3.063028678297996521e-02
5.954178571701049805e-01;4.293473958969116211e-01;-9.385069459676742554e-02
1.648379862308502197e-01;7.870981693267822266e-01;2.565096318721771240e-01
4.673319458961486816e-01;-6.451327800750732422e-01;2.379183024168014526e-01
5.096853971481323242e-01;5.132986307144165039e-01;2.231023460626602173e-01
2.767221331596374512e-01;1.860749274492263794e-01;-2.233484536409378052e-01
4.143506288528442383e-01;-4.294699430465698242e-02;-2.462253868579864502e-01
-2.272929996252059937e-01;1.817181706428527832e-01;-6.757344305515289307e-02
2.773309648036956787e-01;8.565666079521179199e-01;3.876712024211883545e-01
-2.112663239240646362e-01;-5.627724528312683105e-02;-1.143494341522455215e-02
6.036142110824584961e-01;3.673934340476989746e-01;-1.230897754430770874e-01
5.084757208824157715e-01;-6.101426482200622559e-01;1.924292184412479401e-02
-3.667439222335815430e-01;1.072687655687332153e-01;-4.881512522697448730e-01
-1.379864513874053955e-01;-1.979880481958389282e-01;-1.005916967988014221e-01
-3.707375004887580872e-02;7.971668243408203125e-01;2.616478502750396729e-01
-2.179583013057708740e-01;-3.238930404186248779e-01;-2.922511100769042969e-01
-1.466337144374847412e-01;5.934857726097106934e-01;1.826075315475463867e-01
-3.110103011131286621e-01;4.728822708129882812e-01;-1.688999086618423462e-01
2.128836810588836670e-01;-4.090399146080017090e-01;-4.387771487236022949e-01
-3.477434813976287842e-02;1.553347855806350708e-01;-4.426377117633819580e-01
5.723544955253601074e-01;3.023312985897064209e-01;-1.887762397527694702e-01
-3.540246486663818359e-01;1.025191694498062134e-01;-4.974358975887298584e-01
-2.625417709350585938e-01;4.295734763145446777e-01;-1.251508742570877075e-01
5.494751334190368652e-01;4.750207066535949707e-01;-1.531880646944046021e-01
-2.647684514522552490e-01;-3.487347066402435303e-01;-2.418765574693679810e-01
-3.001899421215057373e-01;2.547390758991241455e-01;2.388658747076988220e-02
4.418375790119171143e-01;-6.257872581481933594e-01;4.942939151078462601e-03
3.212448060512542725e-01;1.743136793375015259e-01;-3.936911821365356445e-01
-3.855611085891723633e-01;-5.109248682856559753e-02;-3.913355991244316101e-02
1.622152924537658691e-01;3.788863122463226318e-01;1.412473320960998535e-01
4.339405000209808350e-01;-3.953011929988861084e-01;1.749842017889022827e-01
-1.169978007674217224e-01;-4.431245028972625732e-01;3.416281938552856445e-01
1.317206770181655884e-01;2.176487445831298828e-02;-5.459647178649902344e-01
2.927327156066894531e-01;-2.858319133520126343e-02;2.728712558746337891e-01
-2.808166444301605225e-01;-5.595396086573600769e-02;-2.247929945588111877e-02
-2.799403667449951172e-01;1.813812404870986938e-01;-3.079230785369873047e-01
-5.132145285606384277e-01;2.215844243764877319e-01;5.317820981144905090e-02
2.660880796611309052e-02;1.721668406389653683e-03;3.329446911811828613e-01
-1.294586956501007080e-01;-6.300739645957946777e-01;-3.634322583675384521e-01
-5.312123894691467285e-01;4.893218576908111572e-01;8.942662738263607025e-03
9.657623618841171265e-02;-6.617575287818908691e-01;4.929930567741394043e-01
3.141142129898071289e-01;1.898013353347778320e-01;-3.372103869915008545e-01
1.498602926731109619e-01;1.888325512409210205e-01;9.762288630008697510e-02
4.964234530925750732e-01;-6.918930411338806152e-01;1.577804088592529297e-01
1.822308748960494995e-01;8.803925663232803345e-02;3.710960447788238525e-01
7.668637484312057495e-02;-6.496165394783020020e-01;3.470385074615478516e-01
3.304781913757324219e-01;-5.436174944043159485e-02;-1.376088559627532959e-01
2.282014489173889160e-01;-5.105400457978248596e-02;2.312480509281158447e-01
-4.217598736286163330e-01;-7.110977312549948692e-04;-4.391057789325714111e-01
2.260936945676803589e-01;-6.569753289222717285e-01;-4.826933145523071289e-01
-4.593321979045867920e-01;4.533924907445907593e-02;2.787305712699890137e-01
-2.976507246494293213e-01;-6.830630898475646973e-01;-4.734864532947540283e-01
2.502213120460510254e-01;-5.661240965127944946e-02;9.712920337915420532e-02
3.121026754379272461e-01;3.292895853519439697e-01;-2.447377294301986694e-01
-4.976641237735748291e-01;4.545567929744720459e-01;-2.642199993133544922e-01
4.919529557228088379e-01;1.283256709575653076e-01;-3.465847969055175781e-01
-4.951058924198150635e-01;1.392494738101959229e-01;2.513282299041748047e-01
1.914967596530914307e-01;-6.736285686492919922e-01;-3.757147192955017090e-01
-4.227294921875000000e-01;2.668351829051971436e-01;-2.717387676239013672e-01
-2.589205205440521240e-01;-5.740335211157798767e-02;-2.967483699321746826e-01
-1.147353500127792358e-01;-5.399507880210876465e-01;5.178104043006896973e-01
-1.351058930158615112e-01;4.031195938587188721e-01;3.865789175033569336e-01
-1.368886828422546387e-01;-1.580515205860137939e-01;4.797935485839843750e-02
2.510001696646213531e-02;-3.523058444261550903e-02;2.732942402362823486e-01
-2.282636426389217377e-02;-3.409770131111145020e-01;-2.786260843276977539e-01
-4.670467674732208252e-01;3.380874395370483398e-01;-3.079187870025634766e-01
-4.353389739990234375e-01;6.919510364532470703e-01;3.667085170745849609e-01
-3.119246065616607666e-01;-6.330754160881042480e-01;1.635743528604507446e-01
-3.239741921424865723e-01;4.944362640380859375e-01;5.099942907691001892e-02
-4.464119672775268555e-01;1.276240944862365723e-01;3.290579319000244141e-01
2.841576039791107178e-01;-5.514284968376159668e-02;1.357274502515792847e-01
2.048652321100234985e-01;8.411822319030761719e-01;4.991630017757415771e-01
-2.057247757911682129e-01;8.736001849174499512e-01;4.154473841190338135e-01
2.018342763185501099e-01;5.467966794967651367e-01;1.712730526924133301e-01
-2.297331243753433228e-01;-4.701491892337799072e-01;-5.216936469078063965e-01
5.448333546519279480e-02;-6.921968460083007812e-01;4.145703017711639404e-01
-3.739196807146072388e-02;-1.768487393856048584e-01;1.370437592267990112e-01
2.336198985576629639e-01;1.823723167181015015e-01;4.140551388263702393e-02
-6.996947526931762695e-02;-5.990124940872192383e-01;2.970367968082427979e-01
-7.566095888614654541e-02;-2.554352208971977234e-02;2.952387332916259766e-01
5.287303924560546875e-01;2.372931540012359619e-01;5.154515802860260010e-02
-1.745677292346954346e-01;1.818980723619461060e-01;2.795348688960075378e-02
3.340754210948944092e-01;-4.737320840358734131e-01;-2.587637305259704590e-01
-1.447113752365112305e-01;-6.240011751651763916e-02;-1.075112298130989075e-01
2.951264753937721252e-02;8.306344151496887207e-01;3.084882795810699463e-01
7.051495462656021118e-02;-5.435751676559448242e-01;-2.574740052223205566e-01
3.253187537193298340e-01;-4.122625887393951416e-01;-4.321423768997192383e-01
-3.078302741050720215e-01;5.486741662025451660e-01;4.073436856269836426e-01
1.125277727842330933e-01;-5.512077212333679199e-01;-3.524092435836791992e-01
3.061645925045013428e-01;-5.890613794326782227e-01;1.386332046240568161e-02
3.075015842914581299e-01;-3.826294243335723877e-01;-2.498985230922698975e-01
-2.380834966897964478e-01;-2.589091956615447998e-01;4.095938801765441895e-02
3.012701570987701416e-01;-3.703755438327789307e-01;-2.684780359268188477e-01
2.613615691661834717e-01;-3.844924569129943848e-01;-1.440248489379882812e-01
1.034834012389183044e-01;1.803025901317596436e-01;-3.726753592491149902e-01
5.246748924255371094e-01;4.888710379600524902e-01;1.878994256258010864e-01
-3.984166383743286133e-01;-4.259795323014259338e-02;-2.869934141635894775e-01
3.887962996959686279e-01;-4.967845976352691650e-01;-3.199458420276641846e-01
-5.700729042291641235e-02;-2.338852137327194214e-01;1.805660575628280640e-01
-4.849943816661834717e-01;1.230247691273689270e-01;-1.615013331174850464e-01
2.444946169853210449e-01;3.058881461620330811e-01;3.814194202423095703e-01
8.032861351966857910e-02;-5.627532601356506348e-01;2.293216735124588013e-01
-4.323159158229827881e-01;-4.069757461547851562e-01;1.879788041114807129e-01
4.512438476085662842e-01;-6.929833292961120605e-01;6.232220306992530823e-02
1.073271706700325012e-01;7.476087212562561035e-01;2.344608157873153687e-01
-3.647828698158264160e-01;6.294978260993957520e-01;1.429352313280105591e-01
-5.628966093063354492e-01;4.543644189834594727e-01;5.348240956664085388e-02
-3.694403469562530518e-01;-5.404282361268997192e-02;-3.208631649613380432e-02
-1.982946693897247314e-01;-6.029924750328063965e-01;-5.086974501609802246e-01
-2.622575759887695312e-01;2.203248143196105957e-01;3.577862679958343506e-01
4.367052316665649414e-01;-4.626940488815307617e-01;2.419122904539108276e-01
2.349033504724502563e-01;-4.122525453567504883e-01;-8.642315864562988281e-02
5.043634772300720215e-01;1.194601878523826599e-01;-1.488090306520462036e-01
2.654970288276672363e-01;-5.626912787556648254e-02;-2.630239129066467285e-01
-1.993385404348373413e-01;1.817031502723693848e-01;-1.186922416090965271e-01
-1.169036626815795898e-01;-2.287118732929229736e-01;-1.871645897626876831e-01
-1.708600372076034546e-01;3.550353646278381348e-01;3.779575526714324951e-01
-2.775497436523437500e-01;3.207877576351165771e-01;2.365010045468807220e-02
4.156365394592285156e-01;6.278616786003112793e-01;1.517266631126403809e-01
-1.222133114933967590e-01;-4.836845397949218750e-01;2.809623777866363525e-01
-2.464947551488876343e-01;3.337509185075759888e-02;3.565966486930847168e-01
-3.521449565887451172e-01;3.270192444324493408e-02;-5.142527818679809570e-01
2.888799905776977539e-01;-4.724845290184020996e-01;-6.359378248453140259e-02
-2.080679386854171753e-01;1.815603375434875488e-01;-2.386935651302337646e-01
-4.214462637901306152e-01;-4.098333418369293213e-01;1.549928355962038040e-02
-2.691467702388763428e-01;-4.166625440120697021e-01;1.991185992956161499e-01
-2.218728214502334595e-01;-4.810293316841125488e-01;-5.223303437232971191e-01
-4.265374243259429932e-01;2.098594009876251221e-01;-1.432396024465560913e-01
-5.471472144126892090e-01;2.883988916873931885e-01;-1.810260266065597534e-01
3.670870512723922729e-02;-5.103610754013061523e-01;-2.546732425689697266e-01
4.791656136512756348e-01;-5.142185371369123459e-03;-3.907848149538040161e-02
1.579187065362930298e-01;-5.725825950503349304e-02;-1.565557271242141724e-01
5.207064747810363770e-01;2.594603896141052246e-01;-2.183503061532974243e-01
2.569313161075115204e-02;-5.011013746261596680e-01;4.897641763091087341e-02
-2.230100035667419434e-01;-6.917430758476257324e-01;-4.539135396480560303e-01
1.539310067892074585e-01;4.922913312911987305e-01;1.611610800027847290e-01
3.766545355319976807e-01;4.999222159385681152e-01;-5.979144573211669922e-02
-4.167550802230834961e-02;-1.430966407060623169e-01;-1.734008938074111938e-01
-1.887002028524875641e-02;6.893997639417648315e-02;-5.322105288505554199e-01
-5.111636593937873840e-02;-1.016134694218635559e-01;-4.761135280132293701e-01
-2.676533460617065430e-01;-6.629039645195007324e-01;-2.921165823936462402e-01
-8.498415350914001465e-02;-5.302470326423645020e-01;1.851313263177871704e-01
-4.360557496547698975e-01;7.214221954345703125e-01;2.456586956977844238e-01
-1.637253612279891968e-01;-5.317925214767456055e-01;-4.756826460361480713e-01
3.592866063117980957e-01;3.972347453236579895e-02;-5.167248249053955078e-01
2.496021240949630737e-01;-5.632602050900459290e-02;-2.192948013544082642e-01
4.055187702178955078e-01;-2.817592956125736237e-02;2.297092676162719727e-01
3.730526864528656006e-01;-4.724897146224975586e-01;2.307086288928985596e-01
-1.224973797798156738e-01;-5.039374530315399170e-02;-5.397908687591552734e-01
3.600642383098602295e-01;-5.979686379432678223e-01;2.304469347000122070e-01
1.953202635049819946e-01;3.653845489025115967e-01;1.311783641576766968e-01
-3.909619450569152832e-01;-4.721164330840110779e-02;-1.557826697826385498e-01
-2.641489207744598389e-01;7.275504060089588165e-03;3.366364240646362305e-01
-3.378615379333496094e-01;6.434770766645669937e-03;-5.231116414070129395e-01
2.104956954717636108e-01;-5.584572553634643555e-01;-5.055872797966003418e-01
8.529114723205566406e-02;1.822401732206344604e-01;-3.266253741458058357e-03
4.146474301815032959e-01;-6.145794987678527832e-01;-4.159767925739288330e-01
3.462063670158386230e-01;7.703176140785217285e-01;4.598963856697082520e-01
4.869648516178131104e-01;2.957535684108734131e-01;2.832173705101013184e-01
1.717098504304885864e-01;-1.349742412567138672e-01;-3.525106236338615417e-02
-3.356096148490905762e-01;3.282148838043212891e-01;-2.897834777832031250e-01
4.171771705150604248e-01;-4.696917533874511719e-02;2.081487514078617096e-02
-9.826833754777908325e-02;8.584316372871398926e-01;4.745770394802093506e-01
-2.618099153041839600e-01;4.158459603786468506e-01;1.158851478248834610e-02
-1.106683611869812012e-01;-5.053932666778564453e-01;-4.046979546546936035e-01
2.130470275878906250e-01;-6.820726990699768066e-01;-3.430988192558288574e-01
3.616096675395965576e-01;6.445221304893493652e-01;1.556730419397354126e-01
4.932017922401428223e-01;1.284716557711362839e-02;-1.973455771803855896e-02
-3.405797481536865234e-01;-5.425406992435455322e-02;1.118542179465293884e-01
8.165641874074935913e-02;-5.635081604123115540e-02;-2.952493429183959961e-01
-3.167960345745086670e-01;-6.209718585014343262e-01;1.854601055383682251e-01
5.475628972053527832e-01;2.669429481029510498e-01;-3.933255374431610107e-02
1.051943749189376831e-01;-6.476525664329528809e-01;4.956129193305969238e-01
-1.490585356950759888e-01;2.028881013393402100e-01;1.109043210744857788e-01
-3.722421452403068542e-02;-7.285728305578231812e-02;-1.764471679925918579e-01
-2.007918059825897217e-01;-3.297972083091735840e-01;-3.122572004795074463e-01
-5.342079326510429382e-02;-2.263224720954895020e-01;1.724598556756973267e-01
-5.004534125328063965e-01;-5.719665288925170898e-01;7.834571413695812225e-03
3.235028982162475586e-01;-3.976874053478240967e-01;-3.136310875415802002e-01
2.749869525432586670e-01;-4.214483499526977539e-01;-6.894826143980026245e-02
-2.419268041849136353e-01;-5.060462355613708496e-01;-1.538339555263519287e-01
-1.881584972143173218e-01;3.224190175533294678e-01;3.722926080226898193e-01
3.999069929122924805e-01;4.351340234279632568e-02;-4.946694672107696533e-01
-5.511786937713623047e-01;-4.929150342941284180e-01;1.958760470151901245e-01
4.771576821804046631e-01;1.248359307646751404e-01;-3.777199387550354004e-01
1.049200594425201416e-01;-5.764043331146240234e-01;3.099489510059356689e-01
1.000605896115303040e-01;6.560411453247070312e-01;4.667084515094757080e-01
2.748349308967590332e-01;4.013560116291046143e-01;2.299694903194904327e-02
1.657998263835906982e-01;6.864564418792724609e-01;2.030582427978515625e-01
-2.282106727361679077e-01;-3.939627707004547119e-01;-4.191438853740692139e-01
2.211999446153640747e-01;-2.359490245580673218e-01;4.874581843614578247e-02
-5.166754126548767090e-01;2.617130279541015625e-01;6.625821441411972046e-02
-2.794941067695617676e-01;-3.961726129055023193e-01;-2.213970422744750977e-01
-7.786640524864196777e-02;-3.061521351337432861e-01;-2.994243502616882324e-01
3.733620941638946533e-01;3.293062373995780945e-02;-5.122787356376647949e-01
-7.781139016151428223e-02;-5.588322877883911133e-01;-2.044540047645568848e-01
-2.988503873348236084e-01;2.297490537166595459e-01;4.049139469861984253e-02
1.199075803160667419e-01;-5.595111846923828125e-01;5.200936198234558105e-01
2.588781416416168213e-01;7.999255657196044922e-01;2.656864821910858154e-01
3.385222256183624268e-01;2.048635855317115784e-02;-5.262822508811950684e-01
3.950494527816772461e-01;-4.655256122350692749e-02;1.167726442217826843e-01
-1.275223195552825928e-01;-4.524438679218292236e-01;-4.177134931087493896e-01
5.962234139442443848e-01;3.467674553394317627e-01;-9.480652958154678345e-02
2.905297875404357910e-01;8.014367818832397461e-01;4.945730268955230713e-01
5.035499334335327148e-01;5.066990852355957031e-01;1.516922563314437866e-01
1.874328404664993286e-01;-5.586587786674499512e-01;1.061771288514137268e-01
-1.660527288913726807e-01;8.494824767112731934e-01;4.994898438453674316e-01
-2.371720522642135620e-01;-5.728809237480163574e-01;5.347442813217639923e-03
-4.941133856773376465e-01;2.292830646038055420e-01;2.520172595977783203e-01
3.308738768100738525e-01;4.911435544490814209e-01;3.394032642245292664e-02
-2.608012557029724121e-01;7.796090841293334961e-01;5.187523961067199707e-01
-3.791316747665405273e-01;-4.029397964477539062e-01;1.924768537282943726e-01
-2.614669501781463623e-01;3.411579728126525879e-01;-1.147300973534584045e-01
4.217620193958282471e-01;-5.545454025268554688e-01;-4.398566484451293945e-01
-2.617443501949310303e-01;4.357763379812240601e-02;3.596031367778778076e-01
2.161721140146255493e-01;6.289485692977905273e-01;1.863346546888351440e-01
4.471890032291412354e-01;3.477241694927215576e-01;3.231067955493927002e-01
-1.252754032611846924e-01;-5.985390543937683105e-01;-2.991011738777160645e-01
-2.942368388175964355e-01;1.757615357637405396e-01;3.552771508693695068e-01
9.410183876752853394e-02;-2.683345079421997070e-01;-2.585434019565582275e-01
2.501515448093414307e-01;5.897119045257568359e-01;1.792957633733749390e-01
-5.772148966789245605e-01;3.540168106555938721e-01;1.409272253513336182e-01
1.066246554255485535e-01;-5.090228319168090820e-01;-2.461304888129234314e-02
-3.026917278766632080e-01;8.309535384178161621e-01;4.375215768814086914e-01
1.231360957026481628e-01;-3.025013767182826996e-02;2.858136594295501709e-01
4.915630817413330078e-02;3.794180452823638916e-01;1.405797302722930908e-01
-3.846091404557228088e-02;5.948988348245620728e-02;-5.358630418777465820e-01
-8.703067153692245483e-02;-4.215858578681945801e-01;4.469895362854003906e-01
-2.586531341075897217e-01;-5.613331124186515808e-02;-3.178131580352783203e-02
-2.772913873195648193e-01;-5.726564675569534302e-02;-2.394956648349761963e-01
-1.740852892398834229e-01;3.290413916110992432e-01;1.201906874775886536e-01
-2.978778481483459473e-01;7.178385257720947266e-01;4.864020645618438721e-01
-2.420469745993614197e-02;1.199465896934270859e-02;-5.484513640403747559e-01
5.931509733200073242e-01;3.419028222560882568e-01;-3.522688522934913635e-02
-5.847834944725036621e-01;4.051533043384552002e-01;1.051089242100715637e-01
-3.303867578506469727e-01;8.231929540634155273e-01;3.168091475963592529e-01
4.069989919662475586e-01;-6.318656206130981445e-01;-4.170722663402557373e-01
-1.244503706693649292e-01;-4.346460998058319092e-01;2.552061378955841064e-01
-3.969868421554565430e-01;-4.902354255318641663e-02;-3.961092978715896606e-02
-5.622437596321105957e-01;4.556452333927154541e-01;1.177363619208335876e-01
8.127535134553909302e-02;-3.695113062858581543e-01;3.631341457366943359e-01
4.010734260082244873e-01;-4.887308552861213684e-02;-3.658919930458068848e-01
-1.342367082834243774e-01;8.395628929138183594e-01;3.239792883396148682e-01
1.687466353178024292e-01;1.749202907085418701e-01;-3.920629024505615234e-01
-1.529655158519744873e-01;7.196282744407653809e-01;5.296201705932617188e-01
7.559608668088912964e-02;4.666051864624023438e-01;4.022667407989501953e-01
-5.104019641876220703e-01;4.980197250843048096e-01;4.998137056827545166e-02
4.394329786300659180e-01;6.203655600547790527e-01;3.763383328914642334e-01
-4.951005280017852783e-01;1.399223357439041138e-01;2.617186009883880615e-01
1.229426637291908264e-01;-2.987458109855651855e-01;1.953689455986022949e-01
3.131729317829012871e-03;1.316002309322357178e-01;-4.725822806358337402e-01
1.895815283060073853e-01;6.518416404724121094e-01;4.610654413700103760e-01
4.809366762638092041e-01;2.488010376691818237e-01;-2.310066372156143188e-01
4.187406301498413086e-01;7.534527778625488281e-01;2.665902078151702881e-01
4.156199097633361816e-01;-4.885482043027877808e-02;-8.216995000839233398e-02
-1.405593901872634888e-01;-1.037529408931732178e-01;-4.161395132541656494e-01
4.704334735870361328e-01;5.976433753967285156e-01;1.712805330753326416e-01
4.758713543415069580e-01;2.215370237827301025e-01;1.277820765972137451e-01
-2.892049849033355713e-01;-5.626616626977920532e-02;-8.280301839113235474e-02
-5.068375468254089355e-01;4.957862198352813721e-01;1.906815022230148315e-01
9.424966573715209961e-02;-6.627135276794433594e-01;4.967342615127563477e-01
5.566124990582466125e-02;-5.737942457199096680e-01;2.217195183038711548e-01
-1.363731324672698975e-01;8.457341790199279785e-01;5.033725500106811523e-01
4.430443942546844482e-01;2.494445592164993286e-01;-2.365822345018386841e-01
-1.024169474840164185e-02;-3.901027739048004150e-01;-2.745766937732696533e-01
1.049918010830879211e-01;-3.297524750232696533e-01;2.823678553104400635e-01
-4.783925414085388184e-01;5.149477124214172363e-01;1.278155744075775146e-01
3.687246143817901611e-01;7.973304390907287598e-01;4.058996737003326416e-01
-4.625452160835266113e-01;-6.117411255836486816e-01;2.481809258460998535e-01
2.767313718795776367e-01;4.171840548515319824e-01;-6.605677306652069092e-02
2.263509929180145264e-01;-2.668418288230895996e-01;1.137792691588401794e-01
1.089348345994949341e-01;-2.678640782833099365e-01;-2.597893476486206055e-01
-5.380878970026969910e-02;-3.295952975749969482e-01;-3.009092807769775391e-01
2.097109556198120117e-01;8.491572737693786621e-01;3.542037308216094971e-01
-1.888419240713119507e-01;-5.829739570617675781e-02;3.011219017207622528e-02
2.864642441272735596e-01;8.482467532157897949e-01;4.433386623859405518e-01
-3.082349337637424469e-02;-4.035677313804626465e-01;4.805164039134979248e-01
3.219150006771087646e-01;-5.596806854009628296e-02;-2.591139078140258789e-01
-3.112597763538360596e-01;-5.706970095634460449e-01;-2.609269320964813232e-01
-1.721886247396469116e-01;8.392779231071472168e-01;3.226451277732849121e-01
5.519343614578247070e-01;-5.973151326179504395e-01;2.299829274415969849e-01
-2.980004847049713135e-01;4.728161096572875977e-01;2.368943579494953156e-02
3.082935512065887451e-01;4.324200153350830078e-01;3.927017450332641602e-01
2.502622306346893311e-01;-2.548358142375946045e-01;1.987472176551818848e-02
-5.105157569050788879e-02;-5.432519316673278809e-01;-2.198085933923721313e-01
3.770824968814849854e-01;1.949584335088729858e-01;-1.562768518924713135e-01
-1.946632266044616699e-01;-5.705401301383972168e-02;7.289475947618484497e-02
3.459434211254119873e-01;1.626964211463928223e-01;3.594914674758911133e-01
3.303312361240386963e-01;-6.402233242988586426e-01;-2.751316726207733154e-01
-2.534679472446441650e-01;-5.577209591865539551e-02;3.376562520861625671e-02
-1.227816194295883179e-01;-4.429217055439949036e-02;-5.425410866737365723e-01
-2.504158914089202881e-01;3.703646063804626465e-01;3.783111572265625000e-01
-4.600438773632049561e-01;1.907912045717239380e-01;-1.322042644023895264e-01
-1.623952388763427734e-01;-2.092762440443038940e-01;-6.935880333185195923e-02
-5.013027787208557129e-01;2.667710781097412109e-01;1.532436162233352661e-01
2.137919217348098755e-01;1.623194664716720581e-01;3.691442310810089111e-01
3.769392073154449463e-01;-4.840413108468055725e-02;6.131986156105995178e-02
3.151715993881225586e-01;2.535265088081359863e-01;3.535684645175933838e-01
-4.590938985347747803e-01;6.049924492835998535e-01;3.366620838642120361e-01
1.988574564456939697e-01;7.059862017631530762e-01;5.265828967094421387e-01
2.777195870876312256e-01;-5.346829891204833984e-01;1.961581856012344360e-01
-8.651783689856529236e-03;-6.164675951004028320e-01;2.877473235130310059e-01
