4.552749395370483398e-01;1.962867975234985352e-01;2.466862648725509644e-01
-4.492304325103759766e-01;-1.201041489839553833e-01;1.995864510536193848e-01
4.772515296936035156e-01;-7.014264464378356934e-01;2.350262403488159180e-01
2.396349310874938965e-01;-9.913726150989532471e-02;-1.070642769336700439e-01
4.532420337200164795e-01;-5.184751749038696289e-01;-5.108406543731689453e-01
-4.720681011676788330e-01;6.300876736640930176e-01;3.121460080146789551e-01
-6.268675625324249268e-02;-9.652694314718246460e-02;-1.338126659393310547e-01
-1.773253828287124634e-01;2.818115949630737305e-01;2.773033082485198975e-01
-1.133163422346115112e-01;3.521555960178375244e-01;2.847273647785186768e-01
-3.523811399936676025e-01;3.869523406028747559e-01;2.866270244121551514e-01
-2.061553895473480225e-01;6.516780257225036621e-01;3.137788772583007812e-01
1.837477236986160278e-01;6.493725180625915527e-01;3.204049766063690186e-01
-4.641546010971069336e-01;-6.985418796539306641e-01;-4.994794726371765137e-01
-4.966279268264770508e-01;-5.556296706199645996e-01;2.175073772668838501e-01
-1.818460822105407715e-01;-1.394429504871368408e-01;7.113276422023773193e-02
3.207510709762573242e-02;-8.191252499818801880e-02;-2.996087074279785156e-01
-4.761153459548950195e-01;-6.182368099689483643e-02;-3.123714029788970947e-01
3.523715138435363770e-01;-5.435157567262649536e-02;-3.655937016010284424e-01
2.310613542795181274e-01;3.211965858936309814e-01;2.764754891395568848e-01
2.493785321712493896e-01;2.196230292320251465e-01;2.596765160560607910e-01
4.492852091789245605e-01;-5.327891707420349121e-01;2.148161381483078003e-01
4.888542592525482178e-01;-1.542657464742660522e-01;-4.522942006587982178e-03
4.209505319595336914e-01;4.990561902523040771e-01;2.846848070621490479e-01
5.126562118530273438e-01;-1.195177808403968811e-01;-4.877689108252525330e-02
-4.732461273670196533e-01;-3.367274403572082520e-01;-5.011618137359619141e-01
4.632421135902404785e-01;-1.439680755138397217e-01;1.905364990234375000e-01
-5.137717723846435547e-01;-3.453475236892700195e-01;2.005321830511093140e-01
3.413453698158264160e-02;-1.056377440690994263e-01;8.508561179041862488e-03
4.899320006370544434e-01;-8.069179207086563110e-02;-1.517102122306823730e-01
4.582537710666656494e-01;-3.982911258935928345e-02;-4.889745116233825684e-01
-2.646092474460601807e-01;-7.613201439380645752e-02;-5.281051620841026306e-02
-3.589584492146968842e-03;6.470963358879089355e-01;3.265637159347534180e-01
-4.755581021308898926e-01;1.764467358589172363e-01;2.469857037067413330e-01
2.009053677320480347e-01;-6.795320659875869751e-02;-2.546217441558837891e-01
-2.877587676048278809e-01;4.872680008411407471e-01;2.986867129802703857e-01
4.548184275627136230e-01;-8.368167281150817871e-02;2.116758376359939575e-01
-1.496033370494842529e-01;-7.545583695173263550e-02;-4.817575812339782715e-01
4.473747313022613525e-01;3.437410593032836914e-01;2.736278176307678223e-01
3.848080709576606750e-02;2.642177641391754150e-01;2.744915783405303955e-01
-4.624337553977966309e-01;-1.079834401607513428e-01;2.233938425779342651e-01
-1.956812590360641479e-01;-7.343628257513046265e-02;-2.869970500469207764e-01
1.621062308549880981e-02;4.822473227977752686e-01;3.059114813804626465e-01
-5.137565135955810547e-01;-8.353599160909652710e-02;-1.064112335443496704e-01
-4.713472425937652588e-01;-7.155618667602539062e-01;2.387851327657699585e-01
1.114250626415014267e-02;8.164264261722564697e-03;2.600601613521575928e-01
4.517883360385894775e-01;6.541219949722290039e-01;3.098855316638946533e-01
-4.787294864654541016e-01;-1.535527408123016357e-01;-7.915847003459930420e-03
-4.035708010196685791e-01;-9.886568039655685425e-02;-4.290754199028015137e-01
2.026002258062362671e-01;-1.054050922393798828e-01;6.881234049797058105e-02
-4.329347610473632812e-01;-3.656747937202453613e-02;-4.498749673366546631e-01
-4.708296060562133789e-01;-5.435885787010192871e-01;-5.073747634887695312e-01
4.569215774536132812e-01;-3.164418041706085205e-01;-5.045477151870727539e-01
-2.454159408807754517e-01;-8.011177927255630493e-02;-1.293330341577529907e-01
-4.886682033538818359e-01;4.825270473957061768e-01;2.869257032871246338e-01
-4.811581969261169434e-01;6.387287974357604980e-01;3.091099858283996582e-01
4.740678668022155762e-01;-6.934891939163208008e-01;-5.146182179450988770e-01
4.634928405284881592e-01;-3.320025503635406494e-01;2.011801302433013916e-01
-8.124249987304210663e-03;-8.607324212789535522e-02;-4.912265539169311523e-01
-1.611356437206268311e-01;-1.354031264781951904e-03;2.490119934082031250e-01
2.270411103963851929e-01;5.021404027938842773e-01;3.031417727470397949e-01
-2.505164593458175659e-02;-2.393236011266708374e-02;2.343746572732925415e-01
1.332347095012664795e-01;4.859872162342071533e-03;2.545641064643859863e-01
2.142694294452667236e-01;-6.122001633048057556e-02;-4.740192890167236328e-01
4.927465617656707764e-01;-5.127154290676116943e-02;-3.460429608821868896e-01
