4.706582427024841309e-01;2.233194112777709961e-01;2.736833691596984863e-01
-4.299513995647430420e-01;-1.679433137178421021e-01;2.377858161926269531e-01
4.501649737358093262e-01;-6.974318027496337891e-01;2.879990041255950928e-01
2.527554333209991455e-01;-1.137829944491386414e-01;-1.846035122871398926e-01
4.313663542270660400e-01;-4.895243346691131592e-01;-5.237612724304199219e-01
-4.720681011676788330e-01;6.300876736640930176e-01;3.121460080146789551e-01
-3.722139820456504822e-02;-1.952199935913085938e-01;-1.031312197446823120e-01
-1.572636663913726807e-01;2.423730790615081787e-01;3.431265354156494141e-01
-1.450312286615371704e-01;3.637922108173370361e-01;3.580496311187744141e-01
-4.559235274791717529e-01;3.611358106136322021e-01;2.930247187614440918e-01
-1.944405883550643921e-01;6.475344300270080566e-01;3.789296746253967285e-01
2.013659775257110596e-01;6.484980583190917969e-01;3.971846103668212891e-01
-4.375846385955810547e-01;-7.067360877990722656e-01;-5.085245370864868164e-01
-4.580137729644775391e-01;-5.117781758308410645e-01;2.693274617195129395e-01
-1.971431374549865723e-01;-6.756526976823806763e-02;2.622894048690795898e-01
2.955847606062889099e-02;-1.588024348020553589e-01;-3.082805573940277100e-01
-4.670251607894897461e-01;1.811240017414093018e-01;-3.547974824905395508e-01
4.096264243125915527e-01;-1.444042921066284180e-01;-4.485573768615722656e-01
1.649518162012100220e-01;3.307132720947265625e-01;3.548039495944976807e-01
2.751474976539611816e-01;5.845461785793304443e-02;2.917923629283905029e-01
4.357120990753173828e-01;-4.996038079261779785e-01;2.562017738819122314e-01
4.486893117427825928e-01;-4.613067954778671265e-02;-5.400230363011360168e-02
4.675889313220977783e-01;4.560603201389312744e-01;3.215331137180328369e-01
5.007724165916442871e-01;3.121933937072753906e-01;-8.962880074977874756e-02
-4.198106229305267334e-01;-2.986066341400146484e-01;-4.940559864044189453e-01
4.438661634922027588e-01;-1.868855506181716919e-01;2.415132969617843628e-01
-4.564110636711120605e-01;-2.910771965980529785e-01;2.445569038391113281e-01
2.635939419269561768e-02;-2.054975926876068115e-01;-4.144051298499107361e-02
4.470989108085632324e-01;-5.059923976659774780e-02;-1.836621761322021484e-01
4.632839858531951904e-01;3.803101927042007446e-02;-4.445441663265228271e-01
-2.096664309501647949e-01;-1.269702315330505371e-01;-5.812750384211540222e-02
6.198520772159099579e-03;6.453444361686706543e-01;3.946310579776763916e-01
-4.612275063991546631e-01;2.128624320030212402e-01;2.819942831993103027e-01
2.127502560615539551e-01;-1.168369352817535400e-01;-2.825315594673156738e-01
-2.471560090780258179e-01;4.798909127712249756e-01;3.629081249237060547e-01
4.229449331760406494e-01;2.986785024404525757e-02;1.821692436933517456e-01
-1.577354222536087036e-01;-1.248297989368438721e-01;-4.962563514709472656e-01
5.042935013771057129e-01;3.386377692222595215e-01;2.704775705933570862e-02
5.651080608367919922e-02;2.025085985660552979e-01;3.533994257450103760e-01
-4.180977344512939453e-01;-4.258877784013748169e-02;1.354535073041915894e-01
-2.086250334978103638e-01;-1.103745400905609131e-01;-2.921950519084930420e-01
5.438269674777984619e-02;4.601120054721832275e-01;3.885481357574462891e-01
-4.719540774822235107e-01;2.908481657505035400e-01;-1.178909242153167725e-01
-4.338308572769165039e-01;-7.119455933570861816e-01;2.959473133087158203e-01
2.803129330277442932e-02;-6.596887111663818359e-02;2.801323235034942627e-01
4.593374729156494141e-01;6.698791384696960449e-01;3.313437402248382568e-01
-3.551707565784454346e-01;-1.101473420858383179e-01;-2.338105067610740662e-02
-3.665168881416320801e-01;-2.080872356891632080e-01;-4.533958435058593750e-01
2.188977301120758057e-01;-1.193038076162338257e-01;9.099817276000976562e-02
-4.386660158634185791e-01;4.870934039354324341e-02;-4.449166655540466309e-01
-4.262431263923645020e-01;-5.254583954811096191e-01;-5.112794637680053711e-01
3.585581779479980469e-01;-3.003252148628234863e-01;-4.701496362686157227e-01
-3.886156380176544189e-01;-1.106783598661422729e-01;-2.070190906524658203e-01
-4.807705879211425781e-01;4.824648797512054443e-01;2.551807463169097900e-01
-4.735270738601684570e-01;6.543706655502319336e-01;3.040319383144378662e-01
4.434889554977416992e-01;-7.188972234725952148e-01;-5.133115649223327637e-01
4.415712058544158936e-01;-2.808590233325958252e-01;2.364754527807235718e-01
-1.439359970390796661e-03;-1.320579051971435547e-01;-4.985529184341430664e-01
-2.212079018354415894e-01;-6.067244708538055420e-02;2.610375583171844482e-01
2.384110838174819946e-01;5.090118050575256348e-01;3.725551366806030273e-01
-3.919929265975952148e-03;-2.676352486014366150e-02;2.869734168052673340e-01
2.048939764499664307e-01;-1.027288287878036499e-01;2.606830894947052002e-01
2.353323698043823242e-01;-8.899084478616714478e-02;-4.860867261886596680e-01
4.787591397762298584e-01;2.075377404689788818e-01;-3.346257507801055908e-01
