5.557262897491455078e-01;6.101375073194503784e-02;4.105883240699768066e-01
-5.579093694686889648e-01;-1.119326278567314148e-01;3.112976253032684326e-01
5.575683116912841797e-01;-6.011403203010559082e-01;3.625036776065826416e-01
3.268696367740631104e-01;-9.532624483108520508e-02;-1.821742951869964600e-01
5.326513051986694336e-01;-3.267817497253417969e-01;-5.629673004150390625e-01
-5.472050309181213379e-01;2.893558442592620850e-01;1.745484769344329834e-03
-4.887840151786804199e-02;-1.268565952777862549e-01;-2.416922152042388916e-01
-3.073379099369049072e-01;-5.645093694329261780e-02;3.510431945323944092e-01
4.819583594799041748e-01;3.103164732456207275e-01;-2.450847923755645752e-01
-5.090291500091552734e-01;1.819215714931488037e-01;4.510324001312255859e-01
-2.080630958080291748e-01;4.751675426959991455e-01;4.211050868034362793e-01
2.410171031951904297e-01;4.687931835651397705e-01;4.292377531528472900e-01
-5.107879638671875000e-01;-6.311179995536804199e-01;-5.486073493957519531e-01
-5.247706174850463867e-01;-3.886334300041198730e-01;3.691626191139221191e-01
-2.126570492982864380e-01;-1.158460006117820740e-01;1.469214111566543579e-01
4.296703264117240906e-02;-1.348731517791748047e-01;-3.399017155170440674e-01
-5.376489162445068359e-01;2.836075425148010254e-01;-5.053214430809020996e-01
4.995599985122680664e-01;-8.425305783748626709e-02;-4.814531207084655762e-01
4.636627137660980225e-01;2.255751788616180420e-01;3.072372376918792725e-01
4.044818580150604248e-01;-1.330261304974555969e-02;3.857353925704956055e-01
5.654516816139221191e-01;-3.068968653678894043e-01;3.509243428707122803e-01
5.346688628196716309e-01;-1.317368000745773315e-01;-5.001385882496833801e-02
5.010271072387695312e-01;3.579146862030029297e-01;2.263853549957275391e-01
5.248095989227294922e-01;2.948494255542755127e-01;-2.118956893682479858e-01
-4.159913659095764160e-01;-1.045072004199028015e-01;-4.518646299839019775e-01
5.709971189498901367e-01;-1.551722884178161621e-01;3.384022712707519531e-01
-5.535356402397155762e-01;-1.598463952541351318e-01;3.456220626831054688e-01
5.067325383424758911e-02;-1.695074290037155151e-01;-4.049565270543098450e-02
4.937953054904937744e-01;2.206132560968399048e-02;-2.756982743740081787e-01
5.402722954750061035e-01;1.686199307441711426e-01;-4.824849367141723633e-01
-2.641271948814392090e-01;-9.360410273075103760e-02;-1.530168056488037109e-01
8.783998899161815643e-03;4.763169586658477783e-01;4.298762381076812744e-01
-5.390256643295288086e-01;3.323888778686523438e-02;3.925051391124725342e-01
2.978405952453613281e-01;-7.717392593622207642e-02;-3.319352865219116211e-01
-3.391682505607604980e-01;3.252570629119873047e-01;4.048638641834259033e-01
5.119997859001159668e-01;-1.001022532582283020e-01;2.269597649574279785e-01
-2.607424557209014893e-01;-5.195550248026847839e-02;-5.548327565193176270e-01
5.447682142257690430e-01;3.099642395973205566e-01;2.700307592749595642e-02
6.761024892330169678e-02;7.761602848768234253e-02;3.620789945125579834e-01
-5.019733905792236328e-01;-8.344869315624237061e-02;1.045054346323013306e-01
-2.796463668346405029e-01;-6.865314394235610962e-02;-3.142674863338470459e-01
3.680895641446113586e-02;3.364848792552947998e-01;4.039802849292755127e-01
-5.378580093383789062e-01;2.913288176059722900e-01;-2.531536519527435303e-01
-5.557119846343994141e-01;-6.042619347572326660e-01;3.653456866741180420e-01
1.757273916155099869e-03;-7.062560319900512695e-02;1.654970645904541016e-01
4.532873928546905518e-01;4.424672424793243408e-01;4.352622330188751221e-01
-5.003739595413208008e-01;-1.179422438144683838e-01;-6.320481002330780029e-02
-4.752332568168640137e-01;-1.006237268447875977e-01;-5.108751058578491211e-01
2.959165871143341064e-01;-1.089099422097206116e-01;1.295081079006195068e-01
-5.209542512893676758e-01;1.868922114372253418e-01;-5.178931951522827148e-01
-5.357230305671691895e-01;-3.618086874485015869e-01;-5.698751211166381836e-01
4.484187662601470947e-01;-1.047029495239257812e-01;-4.904496669769287109e-01
-5.102199912071228027e-01;2.495504170656204224e-02;-2.797375321388244629e-01
-5.146037936210632324e-01;3.434852659702301025e-01;2.016941159963607788e-01
-4.730396270751953125e-01;4.281105697154998779e-01;4.507782459259033203e-01
5.294346213340759277e-01;-6.080566644668579102e-01;-5.578516721725463867e-01
5.274807214736938477e-01;-1.170571893453598022e-01;2.609985470771789551e-01
-1.610103063285350800e-03;-7.799591869115829468e-02;-5.466849803924560547e-01
-2.890520393848419189e-01;-6.497971713542938232e-02;3.481302857398986816e-01
4.316220879554748535e-01;2.955739498138427734e-01;3.295606970787048340e-01
7.171995006501674652e-03;2.786267548799514771e-02;3.537805676460266113e-01
2.527473568916320801e-01;-1.118226125836372375e-01;1.379376500844955444e-01
3.061777055263519287e-01;-6.003315374255180359e-02;-5.472097992897033691e-01
5.453740358352661133e-01;3.015458285808563232e-01;-5.030904412269592285e-01
