2.164348363876342773e-01;2.311340123414993286e-01;3.549454808235168457e-01
-5.250040888786315918e-01;-6.241411566734313965e-01;-5.786350369453430176e-01
5.003082752227783203e-01;-2.588568329811096191e-01;-5.582757592201232910e-01
-4.418778419494628906e-01;-5.839133858680725098e-01;4.650413095951080322e-01
-5.693025588989257812e-01;2.947518229484558105e-01;-2.300366461277008057e-01
4.288674294948577881e-01;-6.005456447601318359e-01;2.704811692237854004e-01
-3.569258451461791992e-01;6.603698134422302246e-01;4.940019249916076660e-01
-1.216575056314468384e-01;-4.295909777283668518e-02;-5.638648867607116699e-01
4.819583594799041748e-01;3.103164732456207275e-01;-2.450847923755645752e-01
-2.167400270700454712e-01;-1.119054853916168213e-01;6.424023956060409546e-02
1.633973568677902222e-01;7.600302696228027344e-01;5.458824634552001953e-01
4.288674294948577881e-01;-1.323572844266891479e-01;4.316217079758644104e-02
-5.055902004241943359e-01;1.822860985994338989e-01;3.592684864997863770e-01
-5.651144310832023621e-02;-5.836516022682189941e-01;5.631494149565696716e-02
4.085181057453155518e-01;-5.510248541831970215e-01;-1.756450533866882324e-01
-4.418778419494628906e-01;-4.612154066562652588e-01;-1.119376942515373230e-01
-5.480659008026123047e-01;-1.085398718714714050e-01;-5.555803179740905762e-01
1.768719255924224854e-01;-4.417644068598747253e-02;-2.728537321090698242e-01
5.174401998519897461e-01;3.103164732456207275e-01;1.407067924737930298e-01
-1.487750709056854248e-01;2.714281976222991943e-01;3.368670046329498291e-01
1.048905923962593079e-01;-2.392165213823318481e-01;1.734456419944763184e-01
4.288674294948577881e-01;-6.147535443305969238e-01;-5.240105986595153809e-01
-4.206389486789703369e-01;2.814230918884277344e-01;-5.473462939262390137e-01
-3.310330212116241455e-01;-7.495670765638351440e-02;-2.835722565650939941e-01
4.288674294948577881e-01;6.084562093019485474e-02;-4.796307981014251709e-01
3.970101475715637207e-01;4.932109415531158447e-01;4.424811303615570068e-01
-5.166689753532409668e-01;3.103164732456207275e-01;7.917632162570953369e-02
6.323808431625366211e-02;4.847021996974945068e-01;4.573965966701507568e-01
-4.327970147132873535e-01;-5.924031138420104980e-01;1.613518148660659790e-01
1.703096181154251099e-01;-1.107795387506484985e-01;-5.721907615661621094e-01
3.191102743148803711e-01;-4.083684086799621582e-01;6.221179291605949402e-02
-2.711666189134120941e-02;2.148339524865150452e-02;2.702392339706420898e-01
2.802037596702575684e-01;-9.688033722341060638e-03;2.473315149545669556e-01
4.217061400413513184e-02;-8.574745804071426392e-02;-4.488608986139297485e-02
-4.471633136272430420e-01;-3.551510274410247803e-01;-5.700987577438354492e-01
-3.998856246471405029e-01;-4.278548434376716614e-02;2.442726790904998779e-01
-3.709980249404907227e-01;4.164773523807525635e-01;3.954673707485198975e-01
4.288674294948577881e-01;-1.115477904677391052e-01;-2.484259307384490967e-01
4.925798177719116211e-01;2.352237850427627563e-01;3.898576498031616211e-01
-4.631145894527435303e-01;-9.896682947874069214e-02;-1.849255710840225220e-02
-4.100205898284912109e-01;-5.190008282661437988e-01;-3.615903258323669434e-01
-3.232443630695343018e-01;-3.521185219287872314e-01;8.493880182504653931e-02
4.236172735691070557e-01;3.103164732456207275e-01;-5.106971263885498047e-01
-1.270114779472351074e-01;7.202273011207580566e-01;5.525568127632141113e-01
-4.418778419494628906e-01;8.569367974996566772e-02;-4.230519235134124756e-01
4.035275578498840332e-01;-2.326607108116149902e-01;2.495953589677810669e-01
-8.315073698759078979e-02;-3.641564249992370605e-01;1.144258305430412292e-01
-1.115254089236259460e-01;-4.596335440874099731e-02;-2.583095431327819824e-01
-1.870261579751968384e-01;5.178804993629455566e-01;4.679060578346252441e-01
-3.317450582981109619e-01;-1.493826508522033691e-01;-5.487420558929443359e-01
2.679293155670166016e-01;-6.778581440448760986e-02;-8.057297021150588989e-02
1.316163539886474609e-01;-4.981847107410430908e-01;2.591802738606929779e-02
4.146540760993957520e-01;-6.241411566734313965e-01;4.744835495948791504e-01
-2.820601463317871094e-01;1.226630434393882751e-01;2.767668366432189941e-01
3.970101475715637207e-01;-4.113975763320922852e-01;-4.819627106189727783e-01
-2.535364925861358643e-01;-5.755625963211059570e-01;2.740058861672878265e-02
4.288674294948577881e-01;-5.692955851554870605e-01;2.564181573688983917e-02
3.942236006259918213e-01;6.688104867935180664e-01;5.317841768264770508e-01
3.692690432071685791e-01;-1.006147339940071106e-01;-5.709428787231445312e-01
2.338754571974277496e-02;2.112017422914505005e-01;3.812463283538818359e-01
-2.820253372192382812e-01;-1.828622221946716309e-01;2.220345288515090942e-01
5.350554585456848145e-01;2.960060536861419678e-01;-4.104952141642570496e-02
-5.596912503242492676e-01;3.103164732456207275e-01;-4.070591032505035400e-01
3.946076035499572754e-01;1.116249039769172668e-01;3.066590428352355957e-01
