5.098499059677124023e-01;1.400972008705139160e-01;3.586992919445037842e-01
-5.180895924568176270e-01;-1.949743032455444336e-01;1.107242107391357422e-01
4.914941787719726562e-01;-6.398122310638427734e-01;3.556554615497589111e-01
3.108687996864318848e-01;-2.594241797924041748e-01;-1.686106324195861816e-01
5.070819854736328125e-01;-3.186073899269104004e-01;-4.987707734107971191e-01
-5.287433862686157227e-01;2.809429168701171875e-01;-2.086089923977851868e-02
-1.062140334397554398e-02;2.203103899955749512e-02;-1.919842064380645752e-01
-7.761812955141067505e-02;1.821474730968475342e-02;1.858869045972824097e-01
4.819583594799041748e-01;3.103164732456207275e-01;-2.450847923755645752e-01
-4.601212441921234131e-01;1.936749219894409180e-01;3.668774366378784180e-01
-1.887599229812622070e-01;5.554064512252807617e-01;4.136815071105957031e-01
2.470832467079162598e-01;5.471304059028625488e-01;4.241325855255126953e-01
-5.001770257949829102e-01;-6.666119694709777832e-01;-5.503866076469421387e-01
-4.889503121376037598e-01;-3.900741040706634521e-01;3.437591493129730225e-01
-1.216433867812156677e-01;-2.691365778446197510e-01;3.130169585347175598e-02
-2.036016434431076050e-03;-2.472995519638061523e-01;-3.087596893310546875e-01
-5.677029490470886230e-01;2.587794363498687744e-01;-5.191173553466796875e-01
5.445210933685302734e-01;-2.097375392913818359e-01;-5.171547532081604004e-01
3.242512643337249756e-01;2.453980594873428345e-02;3.786114156246185303e-01
2.695311307907104492e-01;-5.692124366760253906e-02;4.003576040267944336e-01
4.890688061714172363e-01;-3.634527027606964111e-01;3.329378366470336914e-01
3.485262393951416016e-01;-2.687187790870666504e-01;-9.573709964752197266e-02
5.026444196701049805e-01;3.334540426731109619e-01;3.193353414535522461e-01
5.128235220909118652e-01;2.891871333122253418e-01;-2.142083942890167236e-01
-1.949306577444076538e-01;-2.345564067363739014e-01;-3.784208595752716064e-01
4.864818751811981201e-01;-2.307303547859191895e-01;2.661066651344299316e-01
-2.711383104324340820e-01;-2.598567008972167969e-01;3.825018703937530518e-01
2.681195735931396484e-02;-2.551793456077575684e-01;-3.941726312041282654e-02
5.464434027671813965e-01;5.547798424959182739e-02;-2.876621782779693604e-01
5.409718155860900879e-01;1.203279718756675720e-01;-5.312656164169311523e-01
-2.672752737998962402e-01;1.196054369211196899e-02;-2.467537522315979004e-01
1.968917623162269592e-02;4.624406993389129639e-01;3.989079892635345459e-01
-4.919343590736389160e-01;3.548238426446914673e-02;3.668576180934906006e-01
2.712427675724029541e-01;1.524756103754043579e-02;-3.124386668205261230e-01
-3.120833039283752441e-01;3.347658514976501465e-01;3.884005844593048096e-01
3.681225776672363281e-01;6.369506567716598511e-02;5.014766752719879150e-02
-2.942242920398712158e-01;-1.546549350023269653e-01;-5.641598105430603027e-01
5.680888295173645020e-01;2.891998291015625000e-01;-3.405361250042915344e-02
3.049484267830848694e-02;-1.821853667497634888e-01;3.857929110527038574e-01
-4.864906966686248779e-01;-4.362720996141433716e-03;-3.246961906552314758e-02
-2.708296179771423340e-01;2.352120727300643921e-02;-3.147144317626953125e-01
4.043127223849296570e-02;2.703065276145935059e-01;3.807032406330108643e-01
-5.156290531158447266e-01;2.919504940509796143e-01;-2.242854535579681396e-01
-4.696766436100006104e-01;-5.662822127342224121e-01;3.614095747470855713e-01
-2.459186129271984100e-03;2.963095903396606445e-05;1.625847518444061279e-01
4.274802207946777344e-01;5.559989809989929199e-01;4.002505242824554443e-01
-3.735661506652832031e-01;-2.762501239776611328e-01;-6.534028053283691406e-02
-5.139971375465393066e-01;-1.672762483358383179e-01;-5.444123744964599609e-01
3.362501859664916992e-01;4.308044165372848511e-02;-7.352214306592941284e-03
-5.342949628829956055e-01;8.419514447450637817e-02;-5.279757976531982422e-01
-5.171447396278381348e-01;-3.610003888607025146e-01;-5.478110909461975098e-01
2.457308471202850342e-01;-2.068948447704315186e-01;-5.017920732498168945e-01
-5.093155503273010254e-01;-3.140960633754730225e-02;-2.973673045635223389e-01
-5.136806368827819824e-01;3.168843686580657959e-01;2.205716520547866821e-01
-4.372268021106719971e-01;5.394790172576904297e-01;3.786230981349945068e-01
5.106220841407775879e-01;-6.382724046707153320e-01;-5.554237961769104004e-01
4.238641560077667236e-01;-2.479118704795837402e-01;8.540491759777069092e-02
1.846448518335819244e-02;-1.040203794836997986e-01;-5.658102035522460938e-01
-2.475797981023788452e-01;-1.065270304679870605e-01;4.036140143871307373e-01
3.864536881446838379e-01;3.067983388900756836e-01;3.573413789272308350e-01
2.380850911140441895e-02;-2.565774917602539062e-01;3.838163316249847412e-01
1.296615451574325562e-01;-2.815791368484497070e-01;8.128264546394348145e-02
2.819582521915435791e-01;-1.819945424795150757e-01;-5.176494717597961426e-01
6.344624757766723633e-01;2.817040681838989258e-01;-5.022262930870056152e-01
