1.482943147420883179e-01;4.906566441059112549e-01;1.685157716274261475e-01
-3.109053969383239746e-01;-2.186450064182281494e-01;1.352798044681549072e-01
3.349788188934326172e-01;-8.370012640953063965e-01;1.670755743980407715e-01
3.468633890151977539e-01;-3.564940690994262695e-01;-1.618947386741638184e-01
3.513750433921813965e-01;-3.631661236286163330e-01;-1.742663830518722534e-01
-3.288260996341705322e-01;3.064227104187011719e-01;1.239020973443984985e-01
-1.917791552841663361e-03;-1.642719209194183350e-01;-1.316931396722793579e-01
-1.629763990640640259e-01;1.706911027431488037e-01;1.514915376901626587e-01
-9.148032963275909424e-02;3.754168450832366943e-01;1.656275987625122070e-01
-2.835270762443542480e-01;4.634611308574676514e-01;1.616629511117935181e-01
-1.432916373014450073e-01;7.285405993461608887e-01;1.920840591192245483e-01
1.730698645114898682e-01;7.191987037658691406e-01;1.852801591157913208e-01
-3.297069370746612549e-01;-8.329855799674987793e-01;-4.280026257038116455e-01
-3.217200934886932373e-01;-6.393490433692932129e-01;1.491056978702545166e-01
-1.475373804569244385e-01;-1.431712806224822998e-01;3.924969211220741272e-02
-1.157716661691665649e-02;-1.675045341253280640e-01;-1.780202537775039673e-01
-3.152488172054290771e-01;-1.560410261154174805e-01;-2.109697312116622925e-01
3.529808223247528076e-01;-3.620326817035675049e-01;-1.994184255599975586e-01
1.441772282123565674e-01;4.421755969524383545e-01;1.678834408521652222e-01
1.519669741392135620e-01;1.759277582168579102e-01;1.510506570339202881e-01
3.255642056465148926e-01;-5.979288220405578613e-01;1.569489240646362305e-01
3.251419961452484131e-01;-3.197428584098815918e-01;3.933391347527503967e-02
3.153313100337982178e-01;6.053339838981628418e-01;1.652157306671142578e-01
3.151200413703918457e-01;-3.209768980741500854e-02;1.235551983118057251e-01
-3.213133811950683594e-01;-4.561453759670257568e-01;-3.910752534866333008e-01
3.329198956489562988e-01;-3.122159540653228760e-01;1.471002250909805298e-01
-3.187292218208312988e-01;-4.420041441917419434e-01;1.422342360019683838e-01
6.085059791803359985e-02;-1.467923820018768311e-01;4.202175885438919067e-03
3.224126696586608887e-01;-1.529044508934020996e-01;-9.548312425613403320e-02
3.234412074089050293e-01;-1.823250353336334229e-01;-4.138151109218597412e-01
-1.482969522476196289e-01;-1.471034437417984009e-01;4.407523572444915771e-02
-6.275222636759281158e-03;7.218006253242492676e-01;2.030097246170043945e-01
-3.168622553348541260e-01;1.054147705435752869e-01;1.194912940263748169e-01
1.710530221462249756e-01;-1.497875750064849854e-01;-2.151388078927993774e-01
-1.628482341766357422e-01;6.051313281059265137e-01;1.798153072595596313e-01
3.167787790298461914e-01;1.134685426950454712e-02;1.329095363616943359e-01
-1.623882949352264404e-01;-1.808651387691497803e-01;-4.005101025104522705e-01
3.240175843238830566e-01;4.206973314285278320e-01;1.561926156282424927e-01
4.164068028330802917e-03;2.903450131416320801e-01;1.629049628973007202e-01
-3.268184363842010498e-01;7.481151074171066284e-02;1.217205226421356201e-01
-1.432763487100601196e-01;-1.614810228347778320e-01;-2.258365303277969360e-01
2.501029521226882935e-02;5.079351067543029785e-01;1.740253269672393799e-01
-3.078146576881408691e-01;-1.524628400802612305e-01;-3.502391651272773743e-02
-3.149765729904174805e-01;-8.056836128234863281e-01;1.518462896347045898e-01
-7.129449397325515747e-03;1.089078560471534729e-01;1.190592050552368164e-01
3.255923390388488770e-01;7.620221376419067383e-01;1.752920597791671753e-01
-3.077387213706970215e-01;-3.237996995449066162e-01;2.393912151455879211e-02
-3.071930110454559326e-01;-3.690304160118103027e-01;-2.537473440170288086e-01
1.847514212131500244e-01;-1.491186022758483887e-01;1.308773010969161987e-01
-3.214161396026611328e-01;-1.930996775627136230e-01;-4.137607812881469727e-01
-3.293005526065826416e-01;-6.060063838958740234e-01;-4.091580510139465332e-01
3.438358902931213379e-01;-4.492559432983398438e-01;-3.866772353649139404e-01
-2.922148108482360840e-01;-3.565048277378082275e-01;-2.175508290529251099e-01
-3.181712925434112549e-01;5.815796852111816406e-01;1.678044795989990234e-01
-3.147739171981811523e-01;7.666531205177307129e-01;1.865988671779632568e-01
3.349642455577850342e-01;-8.315484523773193359e-01;-4.284779429435729980e-01
3.181541860103607178e-01;-3.879222869873046875e-01;1.528521478176116943e-01
7.872018963098526001e-03;-1.746984720230102539e-01;-4.141057729721069336e-01
-1.821413040161132812e-01;1.397335529327392578e-02;1.286414414644241333e-01
1.489128768444061279e-01;5.805752873420715332e-01;1.817738562822341919e-01
-2.277145907282829285e-02;-8.058833330869674683e-02;1.297603845596313477e-01
1.928659081459045410e-01;-1.574351489543914795e-01;1.321932822465896606e-01
1.649725437164306641e-01;-1.560653746128082275e-01;-3.867716491222381592e-01
3.344095051288604736e-01;-1.433106362819671631e-01;-2.075501531362533569e-01
