-2.402269691228866577e-01;1.813415586948394775e-01;-3.256846070289611816e-01
5.163289904594421387e-01;-6.795562505722045898e-01;1.599706858396530151e-01
2.905297875404357910e-01;8.014367818832397461e-01;4.945730268955230713e-01
-5.272732377052307129e-01;-6.697965264320373535e-01;8.910452574491500854e-02
5.781278014183044434e-01;3.265704214572906494e-01;-2.094557136297225952e-01
-4.720681011676788330e-01;6.300876736640930176e-01;3.121460080146789551e-01
1.018913909792900085e-01;2.614088915288448334e-02;3.531667888164520264e-01
2.385360747575759888e-01;-5.353035330772399902e-01;-5.306782126426696777e-01
5.021473858505487442e-03;-6.399078965187072754e-01;5.626878142356872559e-01
-3.600970804691314697e-01;-4.685700237751007080e-01;-4.744303822517395020e-01
-4.563340544700622559e-01;1.920249778777360916e-04;2.359326928853988647e-01
-3.501471132040023804e-03;-4.977327883243560791e-01;-8.470623753964900970e-03
3.085829317569732666e-01;1.811909675598144531e-02;-5.392853021621704102e-01
4.869648516178131104e-01;2.957535684108734131e-01;2.832173705101013184e-01
-5.880866050720214844e-01;3.993442952632904053e-01;-9.029052406549453735e-02
-5.598335713148117065e-02;5.266531705856323242e-01;1.675752401351928711e-01
4.198668599128723145e-01;-4.695019870996475220e-02;1.371199823915958405e-02
-1.363731324672698975e-01;8.457341790199279785e-01;5.033725500106811523e-01
-1.951754651963710785e-02;-1.312018930912017822e-01;-1.824744343757629395e-01
3.616096675395965576e-01;6.445221304893493652e-01;1.556730419397354126e-01
8.529114723205566406e-02;1.822401732206344604e-01;-3.266253741458058357e-03
-2.841832339763641357e-01;3.061459362506866455e-01;3.605942428112030029e-01
-2.835821732878684998e-02;-3.194917440414428711e-01;3.234409987926483154e-01
-3.005167245864868164e-01;-3.012687563896179199e-01;6.621845066547393799e-02
-4.246694743633270264e-01;-3.533712029457092285e-02;-1.181014329195022583e-01
2.790591418743133545e-01;-4.344761967658996582e-01;2.054173201322555542e-01
-3.001899421215057373e-01;2.547390758991241455e-01;2.388658747076988220e-02
-4.196513444185256958e-02;1.718740910291671753e-02;-5.474031567573547363e-01
3.075015842914581299e-01;-3.826294243335723877e-01;-2.498985230922698975e-01
-1.252754032611846924e-01;-5.985390543937683105e-01;-2.991011738777160645e-01
3.111783862113952637e-01;4.676823616027832031e-01;-1.021534353494644165e-01
2.484487295150756836e-01;5.020490288734436035e-01;4.125861525535583496e-01
7.561260461807250977e-02;7.948570251464843750e-01;2.607567608356475830e-01
2.774358689785003662e-01;1.873506754636764526e-01;-2.492557168006896973e-01
1.061721593141555786e-01;-1.627471297979354858e-01;1.114509105682373047e-01
-3.110103011131286621e-01;4.728822708129882812e-01;-1.688999086618423462e-01
-2.203026264905929565e-01;-3.145990669727325439e-01;-2.742734253406524658e-01
-1.706241071224212646e-01;5.717970728874206543e-01;4.259850680828094482e-01
-5.203591585159301758e-01;3.028798401355743408e-01;1.967109441757202148e-01
-3.378615379333496094e-01;6.434770766645669937e-03;-5.231116414070129395e-01
-6.996947526931762695e-02;-5.990124940872192383e-01;2.970367968082427979e-01
-1.484746038913726807e-01;-6.114766001701354980e-02;6.065029650926589966e-02
3.689273595809936523e-01;4.720025695860385895e-03;2.875376641750335693e-01
-1.738058179616928101e-01;2.288011834025382996e-02;3.498564660549163818e-01
-3.541831970214843750e-01;-5.089977383613586426e-01;2.245895266532897949e-01
3.849150538444519043e-01;-6.278660297393798828e-01;-3.295567333698272705e-01
3.339599967002868652e-01;-5.313735604286193848e-01;-3.468238189816474915e-02
-3.650645613670349121e-01;5.169336199760437012e-01;1.027974635362625122e-01
4.143506288528442383e-01;-4.294699430465698242e-02;-2.462253868579864502e-01
6.308525055646896362e-02;6.763118505477905273e-01;4.927768707275390625e-01
-2.863838337361812592e-02;3.141309618949890137e-01;3.752758800983428955e-01
1.622152924537658691e-01;3.788863122463226318e-01;1.412473320960998535e-01
5.258957743644714355e-01;1.850239485502243042e-01;5.733796209096908569e-02
3.427883982658386230e-02;1.861079931259155273e-01;-3.241640925407409668e-01
-1.826640218496322632e-01;7.380670309066772461e-01;2.257211506366729736e-01
4.533861950039863586e-02;-3.459348082542419434e-01;-2.899806201457977295e-01
-4.670467674732208252e-01;3.380874395370483398e-01;-3.079187870025634766e-01
-2.371720522642135620e-01;-5.728809237480163574e-01;5.347442813217639923e-03
-2.020232081413269043e-01;-5.724060907959938049e-02;-3.265742063522338867e-01
5.392309427261352539e-01;-4.404444098472595215e-01;1.652175635099411011e-01
1.783309280872344971e-01;-7.687775790691375732e-02;-3.628540635108947754e-01
2.580125927925109863e-01;2.049905508756637573e-01;3.655867576599121094e-01
-4.888738393783569336e-01;-4.406582415103912354e-01;3.268677368760108948e-02
-5.112977027893066406e-01;1.696722954511642456e-01;-4.066253826022148132e-02
