5.044438838958740234e-01;8.801694959402084351e-02;1.606195122003555298e-01
-4.639251232147216797e-01;-6.834667176008224487e-02;3.039530813694000244e-01
5.030445456504821777e-01;-5.755563974380493164e-01;3.636506199836730957e-01
2.933934926986694336e-01;1.671227067708969116e-02;-1.747478246688842773e-01
4.698427319526672363e-01;-4.637053608894348145e-01;-5.383660197257995605e-01
-4.720681011676788330e-01;6.300876736640930176e-01;3.121460080146789551e-01
-2.875727042555809021e-02;4.513713717460632324e-02;-1.964716911315917969e-01
-2.225092649459838867e-01;2.615597844123840332e-01;3.159043788909912109e-01
-2.101652324199676514e-01;3.049116432666778564e-01;3.097037672996520996e-01
-4.707581698894500732e-01;2.968706488609313965e-01;3.030323088169097900e-01
-2.291034311056137085e-01;6.365113854408264160e-01;3.439219295978546143e-01
2.173929065465927124e-01;6.433509588241577148e-01;3.725025653839111328e-01
-4.946140050888061523e-01;-5.469934940338134766e-01;-5.311605334281921387e-01
-4.998275041580200195e-01;-4.954483211040496826e-01;3.369404673576354980e-01
-1.842353045940399170e-01;2.251299470663070679e-02;5.796608328819274902e-02
3.149135038256645203e-02;-7.187963277101516724e-02;-3.433915078639984131e-01
-5.069704651832580566e-01;2.210108041763305664e-01;-3.559780120849609375e-01
4.720610380172729492e-01;-7.140229642391204834e-02;-4.973742365837097168e-01
2.341121286153793335e-01;2.736466228961944580e-01;3.226277828216552734e-01
3.492467403411865234e-01;-3.006028383970260620e-02;3.117035627365112305e-01
5.048146843910217285e-01;-4.854272902011871338e-01;3.403250873088836670e-01
4.772328734397888184e-01;-2.026089653372764587e-02;-2.579092979431152344e-04
4.983398318290710449e-01;4.352826178073883057e-01;2.975698113441467285e-01
5.008136034011840820e-01;2.961102724075317383e-01;-1.622659415006637573e-01
-4.970496296882629395e-01;-2.731024324893951416e-01;-5.379728078842163086e-01
4.745391309261322021e-01;-1.410648822784423828e-01;3.095642030239105225e-01
-4.363012909889221191e-01;-3.736593127250671387e-01;3.488095700740814209e-01
7.051103562116622925e-02;1.759663969278335571e-02;-5.785113200545310974e-02
4.891736507415771484e-01;-2.370485663414001465e-02;-2.207324802875518799e-01
3.698421716690063477e-01;-4.678327590227127075e-03;-5.071347951889038086e-01
-1.779144406318664551e-01;3.175427019596099854e-02;3.450976684689521790e-02
9.889149107038974762e-03;6.243368387222290039e-01;3.550723493099212646e-01
-4.686018526554107666e-01;5.295217037200927734e-03;2.959740161895751953e-01
2.637126147747039795e-01;4.955794662237167358e-02;-2.908186018466949463e-01
-2.977940142154693604e-01;4.686301052570343018e-01;3.294410705566406250e-01
5.054047703742980957e-01;4.412704706192016602e-02;9.642627090215682983e-02
-2.275210618972778320e-01;-3.746335208415985107e-02;-5.322209596633911133e-01
5.314810276031494141e-01;3.656923770904541016e-01;6.990228593349456787e-02
1.152759417891502380e-01;3.134499490261077881e-01;3.316338360309600830e-01
-4.702739119529724121e-01;-5.846194922924041748e-03;6.477846950292587280e-02
-2.581616640090942383e-01;5.439198762178421021e-02;-3.139393329620361328e-01
4.378341883420944214e-02;3.983589112758636475e-01;3.373523354530334473e-01
-4.941121339797973633e-01;2.973409593105316162e-01;-1.198007613420486450e-01
-4.859301745891571045e-01;-5.630130767822265625e-01;3.735847473144531250e-01
-5.197129212319850922e-03;2.497655153274536133e-02;1.498471498489379883e-01
4.718514382839202881e-01;6.472964286804199219e-01;3.226772546768188477e-01
-4.573463797569274902e-01;-3.711157664656639099e-02;-3.392757847905158997e-02
-4.674885571002960205e-01;-1.285404562950134277e-01;-5.247924923896789551e-01
3.189000785350799561e-01;3.270291537046432495e-02;-1.056402772665023804e-01
-4.137626588344573975e-01;1.326332241296768188e-02;-5.229275822639465332e-01
-4.847279191017150879e-01;-4.867540597915649414e-01;-5.328367948532104492e-01
4.829353094100952148e-01;-2.861579656600952148e-01;-5.437484383583068848e-01
-4.794128239154815674e-01;-6.187232956290245056e-02;-2.532992064952850342e-01
-4.992192387580871582e-01;4.599345028400421143e-01;3.049786090850830078e-01
-4.763922989368438721e-01;6.446499824523925781e-01;3.016908764839172363e-01
4.958372414112091064e-01;-6.573648452758789062e-01;-5.393386483192443848e-01
4.923017919063568115e-01;-3.209401667118072510e-01;3.200197815895080566e-01
-1.249160338193178177e-02;-3.426431119441986084e-02;-5.334044694900512695e-01
-4.341961443424224854e-01;-2.903019264340400696e-02;2.841064631938934326e-01
2.597813010215759277e-01;4.593441188335418701e-01;3.349781930446624756e-01
-4.584817215800285339e-02;-7.928099483251571655e-03;2.628968060016632080e-01
2.600054442882537842e-01;8.258238434791564941e-03;2.623976171016693115e-01
2.442766577005386353e-01;-1.354301348328590393e-02;-5.285322666168212891e-01
5.080404877662658691e-01;2.410142421722412109e-01;-2.887634932994842529e-01
