5.186352729797363281e-01;2.224572002887725830e-01;3.450890481472015381e-01
-5.031294226646423340e-01;-1.551241576671600342e-01;1.991279721260070801e-01
5.452315807342529297e-01;-5.962006449699401855e-01;3.503368794918060303e-01
3.381854295730590820e-01;-2.943126857280731201e-02;-2.465523779392242432e-01
5.471174120903015137e-01;-3.499671220779418945e-01;-5.765887498855590820e-01
-5.557495951652526855e-01;2.787813246250152588e-01;-1.487524807453155518e-02
-6.334535777568817139e-02;-9.903115034103393555e-02;-1.587431728839874268e-01
-3.291366398334503174e-01;-2.433480322360992432e-02;3.469558060169219971e-01
4.819583594799041748e-01;3.103164732456207275e-01;-2.450847923755645752e-01
-4.894316792488098145e-01;2.280097603797912598e-01;3.520953059196472168e-01
-2.049337774515151978e-01;5.311598181724548340e-01;3.946107923984527588e-01
2.735676169395446777e-01;4.417741596698760986e-01;3.457293212413787842e-01
-5.461731553077697754e-01;-6.205233335494995117e-01;-5.603997111320495605e-01
-5.598253607749938965e-01;-4.050429761409759521e-01;3.542712032794952393e-01
-1.013593077659606934e-01;-1.026635840535163879e-01;1.606862992048263550e-01
5.374944582581520081e-02;-8.116784691810607910e-02;-3.605145812034606934e-01
-5.213662385940551758e-01;2.667652666568756104e-01;-4.188236892223358154e-01
4.579871594905853271e-01;-6.665986031293869019e-02;-4.388424158096313477e-01
3.275528550148010254e-01;3.344517946243286133e-01;3.152743875980377197e-01
3.102870583534240723e-01;-2.261448651552200317e-02;3.657695949077606201e-01
5.278493165969848633e-01;-3.539002239704132080e-01;3.406896889209747314e-01
5.538316369056701660e-01;-1.903929114341735840e-01;-6.386272609233856201e-02
5.090382099151611328e-01;3.290803730487823486e-01;3.521557450294494629e-01
5.497675538063049316e-01;3.111969828605651855e-01;-2.032144814729690552e-01
-4.187659323215484619e-01;-5.649251118302345276e-02;-3.532133102416992188e-01
5.317875146865844727e-01;-1.187085807323455811e-01;2.182597368955612183e-01
-5.531802773475646973e-01;-1.708548665046691895e-01;3.034588098526000977e-01
3.945970535278320312e-02;-1.279683709144592285e-01;-2.903019264340400696e-02
5.581144094467163086e-01;2.433030307292938232e-02;-2.476618289947509766e-01
5.272139906883239746e-01;8.340521901845932007e-02;-5.167528390884399414e-01
-2.573682665824890137e-01;-3.692911565303802490e-02;-1.986562311649322510e-01
3.217104822397232056e-03;5.325870513916015625e-01;3.887927532196044922e-01
-5.472953915596008301e-01;7.220586389303207397e-02;3.349609971046447754e-01
2.775856554508209229e-01;-1.945088431239128113e-02;-2.927784621715545654e-01
-3.092298805713653564e-01;3.545823395252227783e-01;3.543541729450225830e-01
4.915662705898284912e-01;-7.696345448493957520e-02;1.908081471920013428e-01
-2.005307674407958984e-01;-6.010328233242034912e-02;-5.533440113067626953e-01
5.559254884719848633e-01;3.091791272163391113e-01;1.893622241914272308e-02
4.568880796432495117e-02;6.798217445611953735e-02;3.718307614326477051e-01
-5.049099326133728027e-01;-1.408745199441909790e-01;9.392225742340087891e-02
-2.640557587146759033e-01;-5.792334675788879395e-03;-3.024593591690063477e-01
5.383985117077827454e-02;3.354086875915527344e-01;3.482471704483032227e-01
-5.404701828956604004e-01;2.972680926322937012e-01;-1.988382935523986816e-01
-5.310155153274536133e-01;-4.277538359165191650e-01;3.688448965549468994e-01
9.440534748136997223e-03;-1.097058355808258057e-01;1.407167017459869385e-01
4.750019311904907227e-01;5.322442650794982910e-01;4.082820713520050049e-01
-5.280486345291137695e-01;-2.022641301155090332e-01;-6.531497836112976074e-02
-5.269314050674438477e-01;-1.402243673801422119e-01;-5.382966995239257812e-01
3.197244405746459961e-01;-9.540544450283050537e-02;6.442829221487045288e-02
-5.373947620391845703e-01;9.938146919012069702e-02;-5.348843336105346680e-01
-5.479987263679504395e-01;-3.530778884887695312e-01;-5.548025369644165039e-01
3.725650608539581299e-01;-8.050420135259628296e-02;-4.588531255722045898e-01
-5.297117829322814941e-01;-1.358582824468612671e-02;-2.634395062923431396e-01
-5.385001897811889648e-01;3.425920903682708740e-01;1.837029755115509033e-01
-4.641477465629577637e-01;5.317786931991577148e-01;3.732626736164093018e-01
5.437401533126831055e-01;-6.389368772506713867e-01;-5.599286556243896484e-01
5.267695784568786621e-01;-1.778476685285568237e-01;1.981887966394424438e-01
9.035392664372920990e-03;-4.762799292802810669e-02;-5.539392232894897461e-01
-3.213004171848297119e-01;-4.544735699892044067e-02;3.493505716323852539e-01
3.321299254894256592e-01;3.652695119380950928e-01;3.219880759716033936e-01
-6.624070927500724792e-03;-4.267591610550880432e-02;3.449012935161590576e-01
3.138310611248016357e-01;-8.615497499704360962e-02;1.105875521898269653e-01
2.408852279186248779e-01;-4.659064114093780518e-02;-5.563758611679077148e-01
5.421460866928100586e-01;2.764869928359985352e-01;-3.813217282295227051e-01
