5.022971630096435547e-01;2.306528389453887939e-02;3.690566718578338623e-01
-5.015165209770202637e-01;-1.325543820858001709e-01;3.371487557888031006e-01
4.894909858703613281e-01;-6.258934140205383301e-01;3.368130624294281006e-01
1.409486830234527588e-01;-1.787431091070175171e-01;-2.725669145584106445e-01
4.779503941535949707e-01;-3.663397729396820068e-01;-6.065853834152221680e-01
-4.720681011676788330e-01;6.300876736640930176e-01;3.121460080146789551e-01
-2.250991389155387878e-02;-6.481610983610153198e-02;-1.615129411220550537e-01
-2.462644726037979126e-01;2.072229981422424316e-01;4.349162876605987549e-01
-2.112648338079452515e-01;2.101614475250244141e-01;4.208253324031829834e-01
-3.032787442207336426e-01;3.065643012523651123e-01;4.200559556484222412e-01
-2.177397459745407104e-01;6.642149686813354492e-01;3.435933291912078857e-01
2.288064360618591309e-01;6.429601311683654785e-01;3.394643664360046387e-01
-4.598143696784973145e-01;-6.372923254966735840e-01;-5.893314480781555176e-01
-4.903357326984405518e-01;-3.870336711406707764e-01;3.356723189353942871e-01
-5.113283917307853699e-02;-1.723311543464660645e-01;1.076043993234634399e-01
5.963316187262535095e-03;-1.957583129405975342e-01;-3.045715689659118652e-01
-4.954525828361511230e-01;1.343415081501007080e-01;-4.202921688556671143e-01
5.004097819328308105e-01;-1.388966888189315796e-01;-5.417751669883728027e-01
3.961174190044403076e-01;2.683966159820556641e-01;2.038819491863250732e-01
2.885020971298217773e-01;-5.304863676428794861e-02;4.118568599224090576e-01
4.852211773395538330e-01;-3.576548397541046143e-01;3.230492174625396729e-01
4.935415387153625488e-01;-1.839801967144012451e-01;-2.348586916923522949e-02
4.707569181919097900e-01;4.529677331447601318e-01;2.474230825901031494e-01
5.014353990554809570e-01;1.176464334130287170e-01;-7.240864634513854980e-02
-2.537086308002471924e-01;-1.348506361246109009e-01;-3.721915781497955322e-01
5.179268717765808105e-01;-1.255151927471160889e-01;3.612968027591705322e-01
-4.255225360393524170e-01;-2.440677881240844727e-01;3.359081149101257324e-01
1.674095168709754944e-02;-1.832692623138427734e-01;2.483887970447540283e-02
4.873462915420532227e-01;-1.345843076705932617e-01;-2.411260306835174561e-01
4.285568594932556152e-01;-2.309873700141906738e-03;-6.310603618621826172e-01
-2.768895924091339111e-01;-3.555843979120254517e-02;2.012103796005249023e-04
2.076253853738307953e-02;6.051341295242309570e-01;3.349120616912841797e-01
-4.899124503135681152e-01;2.444513887166976929e-02;3.686051964759826660e-01
3.046202063560485840e-01;-5.338100343942642212e-02;-3.625324368476867676e-01
-2.717828750610351562e-01;4.650317132472991943e-01;3.480416536331176758e-01
5.149360299110412598e-01;-2.517854794859886169e-02;2.854759991168975830e-01
-1.779110729694366455e-01;-3.224414214491844177e-02;-6.370959281921386719e-01
4.900526702404022217e-01;2.180643975734710693e-01;1.013285219669342041e-01
8.684676140546798706e-02;-6.333772093057632446e-03;4.274730682373046875e-01
-2.820931375026702881e-01;-3.364908695220947266e-02;5.853142589330673218e-02
-2.562322616577148438e-01;-3.576442971825599670e-02;-3.893018066883087158e-01
3.732046857476234436e-02;3.505690991878509521e-01;4.228240847587585449e-01
-4.970940351486206055e-01;1.491677463054656982e-01;-1.394456028938293457e-01
-5.018971562385559082e-01;-6.056822538375854492e-01;3.170106112957000732e-01
-5.823560990393161774e-03;-2.956098690629005432e-02;1.772104799747467041e-01
4.577441513538360596e-01;6.545981168746948242e-01;3.207193911075592041e-01
-4.722627103328704834e-01;-1.763674616813659668e-01;-3.986470401287078857e-03
-5.030598044395446777e-01;-1.398299336433410645e-01;-5.244820117950439453e-01
2.761914730072021484e-01;-4.360208660364151001e-02;5.091521888971328735e-02
-5.007887482643127441e-01;6.473704427480697632e-02;-6.114565134048461914e-01
-5.012592673301696777e-01;-3.455773591995239258e-01;-6.125764250755310059e-01
2.766140699386596680e-01;-1.286618262529373169e-01;-4.230122566223144531e-01
-2.763142287731170654e-01;-1.428557634353637695e-01;-3.166936635971069336e-01
-5.101851820945739746e-01;4.151167273521423340e-01;2.657070159912109375e-01
-4.683616161346435547e-01;6.438531875610351562e-01;2.992193400859832764e-01
4.780081510543823242e-01;-6.344625949859619141e-01;-5.897640585899353027e-01
4.827135205268859863e-01;-1.848337799310684204e-01;1.503254920244216919e-01
7.242038846015930176e-03;-4.557395353913307190e-02;-6.282929182052612305e-01
-2.343442887067794800e-01;-7.351070642471313477e-02;4.232344925403594971e-01
2.427158206701278687e-01;4.330436289310455322e-01;3.612815439701080322e-01
4.295245558023452759e-02;5.052059888839721680e-03;4.336631298065185547e-01
2.292638570070266724e-01;-1.692507266998291016e-01;2.187610715627670288e-01
2.371583729982376099e-01;-1.082828268408775330e-02;-6.271730661392211914e-01
5.014009475708007812e-01;1.344387829303741455e-01;-4.012782573699951172e-01
