4.444427788257598877e-01;1.161698922514915466e-01;3.078416287899017334e-01
-3.065092563629150391e-01;-2.838407456874847412e-01;2.237164229154586792e-01
4.375709891319274902e-01;-5.781463980674743652e-01;2.998313605785369873e-01
2.044226676225662231e-01;-2.902771532535552979e-01;-2.228243350982666016e-01
4.307595193386077881e-01;-3.484729230403900146e-01;-5.523980259895324707e-01
-4.720681011676788330e-01;6.300876736640930176e-01;3.121460080146789551e-01
2.499144524335861206e-03;3.367146104574203491e-02;-1.491293013095855713e-01
-2.511659562587738037e-01;-8.214462548494338989e-03;3.294337987899780273e-01
-1.648388355970382690e-01;2.603346109390258789e-01;3.473442792892456055e-01
-3.801843822002410889e-01;2.935045957565307617e-01;3.314679563045501709e-01
-2.028400152921676636e-01;6.948140859603881836e-01;3.508255183696746826e-01
2.303942888975143433e-01;6.641954779624938965e-01;3.519624769687652588e-01
-4.194661378860473633e-01;-5.438873171806335449e-01;-5.549695491790771484e-01
-4.276110231876373291e-01;-3.906790614128112793e-01;2.617477774620056152e-01
-1.831624209880828857e-01;-2.650515735149383545e-01;1.212159097194671631e-01
9.190682321786880493e-03;-3.230448067188262939e-01;-4.354067742824554443e-01
-4.184320867061614990e-01;7.921243458986282349e-02;-3.605955243110656738e-01
4.680000543594360352e-01;-2.364973723888397217e-01;-5.169355869293212891e-01
1.826545745134353638e-01;1.558866202831268311e-01;3.470612466335296631e-01
2.191258817911148071e-01;-3.940523415803909302e-02;3.309773206710815430e-01
4.549861848354339600e-01;-4.098295867443084717e-01;2.796353399753570557e-01
4.360913932323455811e-01;-2.629444301128387451e-01;-8.030302822589874268e-02
4.512622952461242676e-01;4.627288281917572021e-01;3.152303993701934814e-01
4.677171707153320312e-01;1.224442198872566223e-01;-1.272335201501846313e-01
-1.345429718494415283e-01;-3.234664797782897949e-01;-5.746889710426330566e-01
4.451179802417755127e-01;-2.148109972476959229e-01;1.241325885057449341e-01
-2.990570962429046631e-01;-2.887389659881591797e-01;2.283845394849777222e-01
3.106429800391197205e-02;-2.871885299682617188e-01;-1.054682433605194092e-01
4.535626471042633057e-01;-1.658867597579956055e-01;-2.539544403553009033e-01
4.289587140083312988e-01;4.269994795322418213e-02;-5.728369355201721191e-01
-1.263723373413085938e-01;4.354511201381683350e-02;-1.277063339948654175e-01
-6.110491231083869934e-04;6.243855953216552734e-01;3.405973315238952637e-01
-4.330482780933380127e-01;3.980428725481033325e-02;3.049247562885284424e-01
2.012592703104019165e-01;3.128603845834732056e-02;-4.179638922214508057e-01
-2.437659949064254761e-01;5.031781196594238281e-01;3.409542441368103027e-01
2.760272324085235596e-01;6.479793041944503784e-02;4.591348767280578613e-02
-1.893030256032943726e-01;-2.961740791797637939e-01;-5.814612507820129395e-01
4.529463052749633789e-01;2.186801433563232422e-01;3.132774531841278076e-01
2.621632814407348633e-02;8.721368759870529175e-02;3.392818272113800049e-01
-4.263674914836883545e-01;5.299080908298492432e-02;-6.456017494201660156e-03
-1.954464912414550781e-01;3.785140067338943481e-02;-4.360573589801788330e-01
9.301374666392803192e-03;3.288975656032562256e-01;3.483377397060394287e-01
-4.411045014858245850e-01;1.164835020899772644e-01;-1.639190018177032471e-01
-4.449147284030914307e-01;-6.596552729606628418e-01;2.930316627025604248e-01
2.599618211388587952e-02;3.125072270631790161e-02;-4.311073943972587585e-02
4.568457007408142090e-01;6.721507310867309570e-01;3.258522748947143555e-01
-4.216339290142059326e-01;-2.729481458663940430e-01;-9.228475391864776611e-02
-4.290691018104553223e-01;-2.806479334831237793e-01;-5.639188289642333984e-01
2.227703481912612915e-01;4.158829897642135620e-02;-1.479503139853477478e-02
-4.332209825515747070e-01;5.634653568267822266e-02;-5.676544904708862305e-01
-4.335700571537017822e-01;-4.458197057247161865e-01;-5.759389400482177734e-01
1.566441059112548828e-01;-3.007945120334625244e-01;-5.374467968940734863e-01
-2.565356492996215820e-01;-2.711314857006072998e-01;-2.668661773204803467e-01
-4.855782091617584229e-01;4.442643225193023682e-01;2.906951904296875000e-01
-4.631144106388092041e-01;6.637150049209594727e-01;3.021134436130523682e-01
4.483401179313659668e-01;-6.569268703460693359e-01;-5.687452554702758789e-01
4.309509098529815674e-01;-2.441592514514923096e-01;7.019698619842529297e-02
2.140507847070693970e-02;5.891512334346771240e-02;-5.746327638626098633e-01
-2.476894110441207886e-01;-3.519342839717864990e-02;3.263787329196929932e-01
2.131877690553665161e-01;4.523809850215911865e-01;3.349540531635284424e-01
1.318253763020038605e-02;-2.174935042858123779e-01;2.203210443258285522e-01
1.711823642253875732e-01;-2.786711752414703369e-01;1.449834406375885010e-01
2.261224985122680664e-01;-2.802073210477828979e-02;-6.015773415565490723e-01
4.809199571609497070e-01;1.175747886300086975e-01;-3.662405312061309814e-01
