1.482943147420883179e-01;4.906566441059112549e-01;1.685157716274261475e-01
-3.345655202865600586e-01;-2.550238370895385742e-01;1.251787394285202026e-01
3.324332237243652344e-01;-8.413427472114562988e-01;1.595681458711624146e-01
1.760621070861816406e-01;-1.272062063217163086e-01;-1.081936061382293701e-01
3.291180729866027832e-01;-6.405496597290039062e-01;-4.372805058956146240e-01
-3.221769928932189941e-01;2.971155941486358643e-01;1.487973481416702271e-01
-1.980899833142757416e-02;-1.255648285150527954e-01;-1.302850991487503052e-01
-1.338542103767395020e-01;1.796019375324249268e-01;1.720644682645797729e-01
-7.111964374780654907e-02;3.200045228004455566e-01;1.780411452054977417e-01
-1.914594620466232300e-01;3.799681067466735840e-01;1.737175434827804565e-01
-1.845741569995880127e-01;6.617595553398132324e-01;1.894312947988510132e-01
9.239987283945083618e-02;6.458373665809631348e-01;1.923668980598449707e-01
-3.267547488212585449e-01;-8.352785110473632812e-01;-4.426234364509582520e-01
-3.321686685085296631e-01;-6.303720474243164062e-01;1.519675403833389282e-01
-1.397273689508438110e-01;-1.499279737472534180e-01;1.863375604152679443e-01
1.510563679039478302e-02;-1.212243288755416870e-01;-2.798672616481781006e-01
-3.434770107269287109e-01;-1.223552227020263672e-01;-2.510719895362854004e-01
3.405830264091491699e-01;-2.636649310588836670e-01;-4.357022941112518311e-01
1.616254299879074097e-01;3.526066839694976807e-01;1.732737720012664795e-01
1.545547991991043091e-01;1.273663938045501709e-01;1.781199425458908081e-01
3.273881673812866211e-01;-6.378370523452758789e-01;1.511588692665100098e-01
3.502137064933776855e-01;-1.400365233421325684e-01;1.387870013713836670e-01
3.232240378856658936e-01;5.209205746650695801e-01;1.481333523988723755e-01
3.228255212306976318e-01;-3.384032472968101501e-02;9.023880958557128906e-02
-3.354134261608123779e-01;-4.578767120838165283e-01;-4.481748044490814209e-01
3.412960767745971680e-01;-2.994368970394134521e-01;1.263848394155502319e-01
-3.324527442455291748e-01;-4.605645239353179932e-01;1.473751217126846313e-01
1.852980256080627441e-02;-1.225029677152633667e-01;2.404111437499523163e-02
3.491996824741363525e-01;-1.308205872774124146e-01;-1.110687255859375000e-01
3.361659049987792969e-01;-1.292179524898529053e-01;-4.527904689311981201e-01
-1.570965498685836792e-01;-1.113670691847801208e-01;1.997258141636848450e-02
-6.812602281570434570e-03;6.639248132705688477e-01;2.046326249837875366e-01
-3.238409757614135742e-01;1.345787048339843750e-01;1.394015252590179443e-01
2.160068750381469727e-01;-1.380946040153503418e-01;-2.569481432437896729e-01
-1.873269975185394287e-01;4.993180930614471436e-01;1.707157939672470093e-01
3.120463192462921143e-01;-5.113460123538970947e-03;1.466864794492721558e-01
-1.617421358823776245e-01;-1.182364597916603088e-01;-4.509849548339843750e-01
3.242148160934448242e-01;3.881939947605133057e-01;1.462996006011962891e-01
-1.390904374420642853e-02;2.944404482841491699e-01;1.813471019268035889e-01
-3.224643766880035400e-01;-1.362970471382141113e-02;1.435082256793975830e-01
-1.599612087011337280e-01;-1.214105188846588135e-01;-2.792219519615173340e-01
1.642574742436408997e-02;4.709510505199432373e-01;1.834766715764999390e-01
-3.432217538356781006e-01;-1.286058127880096436e-01;-6.828062236309051514e-02
-3.298303484916687012e-01;-8.400925397872924805e-01;1.535030603408813477e-01
-1.675304211676120758e-02;-1.035410612821578979e-01;1.936734318733215332e-01
3.337652385234832764e-01;6.650186181068420410e-01;1.668246239423751831e-01
-3.283382654190063477e-01;-2.618891894817352295e-01;1.246557831764221191e-01
-3.348351418972015381e-01;-2.694191336631774902e-01;-4.358535706996917725e-01
1.386448591947555542e-01;-1.252952218055725098e-01;5.081430077552795410e-02
-3.450776040554046631e-01;-1.176744103431701660e-01;-4.458938837051391602e-01
-3.324751853942871094e-01;-6.475687026977539062e-01;-4.404957294464111328e-01
3.424384295940399170e-01;-4.434527456760406494e-01;-4.408907890319824219e-01
-1.843739897012710571e-01;-1.151250600814819336e-01;-1.505893021821975708e-01
-3.287016749382019043e-01;4.924847781658172607e-01;1.512495130300521851e-01
-3.438715338706970215e-01;6.615885496139526367e-01;1.558326333761215210e-01
3.322109878063201904e-01;-8.333345651626586914e-01;-4.411825239658355713e-01
3.602474927902221680e-01;-2.909084260463714600e-01;1.283299624919891357e-01
3.407198470085859299e-03;-1.276994049549102783e-01;-4.580544829368591309e-01
-1.573218852281570435e-01;1.608586311340332031e-02;1.790418922901153564e-01
1.480197906494140625e-01;4.899457991123199463e-01;1.707848459482192993e-01
-1.711754687130451202e-02;-1.062451004981994629e-01;1.912491768598556519e-01
1.632567793130874634e-01;-1.632550805807113647e-01;2.015613019466400146e-01
1.670225262641906738e-01;-1.283683478832244873e-01;-4.483154416084289551e-01
3.397468924522399902e-01;-1.236299499869346619e-01;-2.776806056499481201e-01
