5.439780950546264648e-01;2.686543762683868408e-01;2.287191003561019897e-01
-4.229585826396942139e-01;-1.907280683517456055e-01;2.534205317497253418e-01
6.131845712661743164e-01;-4.375482201576232910e-01;2.767770290374755859e-01
3.674489855766296387e-01;-8.311666548252105713e-03;-2.602689862251281738e-01
6.550841331481933594e-01;-2.584047615528106689e-01;-3.273204267024993896e-01
-5.751361846923828125e-01;2.756046652793884277e-01;-4.871040210127830505e-02
-6.046173349022865295e-02;-2.837743237614631653e-02;-2.356307506561279297e-01
-1.866379231214523315e-01;-1.742641627788543701e-02;1.602157056331634521e-01
4.819583594799041748e-01;3.103164732456207275e-01;-2.450847923755645752e-01
-4.986135363578796387e-01;2.001877725124359131e-01;3.808046281337738037e-01
-2.382762134075164795e-01;4.699163734912872314e-01;4.229573011398315430e-01
2.885139584541320801e-01;4.530286490917205811e-01;4.077422618865966797e-01
-6.208424568176269531e-01;-5.609768629074096680e-01;-5.398850440979003906e-01
-5.310505032539367676e-01;-3.430956900119781494e-01;1.270834356546401978e-01
-1.712946891784667969e-01;-2.319762110710144043e-02;1.301314979791641235e-01
4.393294826149940491e-02;-3.658938780426979065e-02;-4.371138215065002441e-01
-5.141381621360778809e-01;2.520185410976409912e-01;-4.837071299552917480e-01
6.439083218574523926e-01;-1.964791119098663330e-01;-4.309578537940979004e-01
4.315490424633026123e-01;2.800605893135070801e-01;2.097255438566207886e-01
2.576340138912200928e-01;-9.637750685214996338e-02;3.558165729045867920e-01
6.061854958534240723e-01;-3.432669937610626221e-01;2.675833106040954590e-01
7.147288918495178223e-01;-1.845088005065917969e-01;-1.128423810005187988e-01
5.051774978637695312e-01;3.094556927680969238e-01;1.972377747297286987e-01
6.279312968254089355e-01;6.929313391447067261e-02;-1.898960024118423462e-01
-3.181972205638885498e-01;-2.624230682849884033e-01;-5.489294528961181641e-01
6.260483860969543457e-01;-2.177078127861022949e-01;2.414266914129257202e-01
-3.777074217796325684e-01;-1.613932251930236816e-01;3.184930682182312012e-01
6.765169650316238403e-02;-7.775714993476867676e-02;-2.585885673761367798e-02
6.691852807998657227e-01;7.443847507238388062e-02;-2.397112846374511719e-01
6.209491491317749023e-01;1.279154717922210693e-01;-4.497176408767700195e-01
-4.282653331756591797e-01;-2.186482399702072144e-02;-8.673460781574249268e-02
6.136235967278480530e-02;4.154972732067108154e-01;4.331832528114318848e-01
-5.418038368225097656e-01;1.429754197597503662e-01;3.758249580860137939e-01
3.107571303844451904e-01;-1.745459437370300293e-02;-3.060694634914398193e-01
-3.943373560905456543e-01;3.077815771102905273e-01;2.336901873350143433e-01
6.508966088294982910e-01;1.469140648841857910e-01;2.933734655380249023e-02
-2.826933264732360840e-01;-6.594926118850708008e-03;-5.601149797439575195e-01
6.726955771446228027e-01;1.638979613780975342e-01;-1.065737381577491760e-02
1.095641702413558960e-01;-3.376694023609161377e-02;3.608796596527099609e-01
-6.005126237869262695e-01;-2.821147069334983826e-02;-1.298957318067550659e-02
-3.170325458049774170e-01;-1.080534234642982483e-02;-4.110327661037445068e-01
4.476812854409217834e-02;2.934179008007049561e-01;4.130399823188781738e-01
-5.505101680755615234e-01;3.075641691684722900e-01;-2.540603578090667725e-01
-5.875127911567687988e-01;-5.073722004890441895e-01;3.024981319904327393e-01
6.683622952550649643e-03;-1.711663603782653809e-02;1.318258047103881836e-01
5.248185992240905762e-01;4.544067680835723877e-01;3.949812352657318115e-01
-5.838260054588317871e-01;-2.889921963214874268e-01;-5.443507805466651917e-02
-5.949269533157348633e-01;-1.556438803672790527e-01;-5.085898637771606445e-01
4.442701041698455811e-01;-4.052686691284179688e-02;7.645381614565849304e-03
-4.534952640533447266e-01;2.188976854085922241e-02;-5.523214936256408691e-01
-6.435080766677856445e-01;-2.680690288543701172e-01;-4.902296066284179688e-01
2.852862477302551270e-01;-2.880720496177673340e-01;-5.469925999641418457e-01
-4.126533269882202148e-01;-2.480797097086906433e-02;-1.627963632345199585e-01
-4.541040062904357910e-01;2.944587469100952148e-01;2.265349179506301880e-01
-4.924141168594360352e-01;4.600847661495208740e-01;3.988014161586761475e-01
6.504220962524414062e-01;-5.524138212203979492e-01;-5.430262684822082520e-01
5.536164045333862305e-01;-3.310534060001373291e-01;1.380307525396347046e-01
9.036127477884292603e-03;-3.904597833752632141e-02;-5.320293307304382324e-01
-2.263725548982620239e-01;-1.145703643560409546e-01;3.592361211776733398e-01
3.658133447170257568e-01;2.850460112094879150e-01;3.827015757560729980e-01
3.881109412759542465e-03;-1.314649879932403564e-01;3.510349094867706299e-01
2.612669169902801514e-01;-1.207346767187118530e-01;3.635841906070709229e-01
2.980804443359375000e-01;-6.499338895082473755e-03;-5.745397210121154785e-01
6.121119260787963867e-01;1.565313339233398438e-01;-4.484820365905761719e-01
