6.746889352798461914e-01;1.500210165977478027e-01;2.816848754882812500e-01
-6.237390637397766113e-01;-1.347948759794235229e-01;1.785137355327606201e-01
6.945282816886901855e-01;-3.826858997344970703e-01;3.092391192913055420e-01
2.988439500331878662e-01;-2.993867695331573486e-01;-2.105933427810668945e-01
6.734887361526489258e-01;-2.632731199264526367e-01;-2.580935657024383545e-01
-5.906774401664733887e-01;2.138949632644653320e-01;-2.585118263959884644e-02
2.096773125231266022e-03;4.000090062618255615e-02;-1.431750357151031494e-01
-4.073931276798248291e-01;6.960346549749374390e-02;1.401691287755966187e-01
4.819583594799041748e-01;3.103164732456207275e-01;-2.450847923755645752e-01
-4.607902169227600098e-01;1.657702624797821045e-01;3.562561869621276855e-01
-3.044489026069641113e-01;4.327659904956817627e-01;3.613144457340240479e-01
2.082560211420059204e-01;4.436987340450286865e-01;3.612177371978759766e-01
-6.354340314865112305e-01;-4.032586812973022461e-01;-5.025062561035156250e-01
-2.927092015743255615e-01;-3.046567440032958984e-01;1.037304103374481201e-01
-2.275582998991012573e-01;-2.838832139968872070e-01;8.779148757457733154e-02
9.056369774043560028e-03;-2.862544953823089600e-01;-4.564543068408966064e-01
-6.782928705215454102e-01;2.323943078517913818e-01;-5.262443423271179199e-01
7.188565135002136230e-01;-1.124626994132995605e-01;-5.209081768989562988e-01
3.877009451389312744e-01;7.596256583929061890e-02;1.269347220659255981e-01
3.460263013839721680e-01;-2.331733107566833496e-01;3.449464440345764160e-01
3.460150659084320068e-01;-2.761260271072387695e-01;3.029505908489227295e-01
5.737763643264770508e-01;-1.286766380071640015e-01;-2.866737172007560730e-02
5.860499739646911621e-01;3.260317742824554443e-01;2.486331313848495483e-01
5.268392562866210938e-01;2.994968891143798828e-01;-2.568701803684234619e-01
-1.888035386800765991e-01;-2.766223251819610596e-01;-4.911913871765136719e-01
6.676480770111083984e-01;-1.006345152854919434e-01;2.183391749858856201e-01
-2.766419351100921631e-01;-2.839782834053039551e-01;2.820446193218231201e-01
5.036188662052154541e-02;-3.113126754760742188e-01;-8.820812404155731201e-02
7.045019865036010742e-01;1.445741653442382812e-01;-2.284200489521026611e-01
4.696100950241088867e-01;2.243333309888839722e-02;-5.028159618377685547e-01
-2.904061377048492432e-01;8.924216032028198242e-03;-1.567069739103317261e-01
1.331240404397249222e-03;4.231835305690765381e-01;3.575003445148468018e-01
-6.993073225021362305e-01;-1.036372184753417969e-01;2.038346379995346069e-01
3.355599343776702881e-01;2.700193226337432861e-02;-3.207208216190338135e-01
-4.460192024707794189e-01;2.549597322940826416e-01;3.272966444492340088e-01
5.650379061698913574e-01;-1.103496849536895752e-01;-1.336685940623283386e-02
-2.067585289478302002e-01;-2.696923315525054932e-01;-4.890376925468444824e-01
6.917232871055603027e-01;2.678810358047485352e-01;-8.840378373861312866e-03
5.067869275808334351e-02;-2.564281225204467773e-03;3.855306506156921387e-01
-6.545019745826721191e-01;-1.171986460685729980e-01;1.270455569028854370e-01
-2.866592407226562500e-01;2.539002895355224609e-02;-2.297663986682891846e-01
4.672630876302719116e-02;2.517107427120208740e-01;3.442146182060241699e-01
-5.916408300399780273e-01;3.068268299102783203e-01;-2.272321581840515137e-01
-6.829154491424560547e-01;-3.723484873771667480e-01;3.021671175956726074e-01
7.926438935101032257e-03;3.338744491338729858e-02;-5.738999322056770325e-02
5.713139772415161133e-01;4.215185940265655518e-01;3.193724751472473145e-01
-7.089989781379699707e-01;-2.753441631793975830e-01;-1.293535232543945312e-01
-6.781228780746459961e-01;-2.725976705551147461e-01;-5.016558170318603516e-01
3.119709789752960205e-01;1.821193844079971313e-02;-1.622704118490219116e-01
-4.584706425666809082e-01;3.426642715930938721e-02;-5.153790712356567383e-01
-4.205708205699920654e-01;-3.116395175457000732e-01;-2.629151046276092529e-01
2.823958396911621094e-01;-2.701988518238067627e-01;-4.971334338188171387e-01
-6.839435100555419922e-01;1.071489602327346802e-02;-2.761358618736267090e-01
-6.698357462882995605e-01;2.709090113639831543e-01;1.870336085557937622e-01
-5.730004310607910156e-01;4.251457750797271729e-01;3.466586768627166748e-01
6.846392154693603516e-01;-4.020783305168151855e-01;-5.064862370491027832e-01
6.749073266983032227e-01;-2.805568873882293701e-01;5.416342616081237793e-02
1.880015805363655090e-02;6.301561743021011353e-02;-4.964343905448913574e-01
-2.782133817672729492e-01;-2.604439556598663330e-01;2.919316887855529785e-01
3.856445550918579102e-01;2.308465242385864258e-01;3.778059780597686768e-01
3.642008453607559204e-02;-1.971919238567352295e-01;3.363854587078094482e-01
2.171435505151748657e-01;-2.913824319839477539e-01;1.088605672121047974e-01
3.143900930881500244e-01;1.783752441406250000e-02;-5.246785283088684082e-01
6.797720193862915039e-01;2.680416107177734375e-01;-5.210490822792053223e-01
