4.461314380168914795e-01;9.086672216653823853e-02;2.199821621179580688e-01
-4.358795881271362305e-01;-2.508147954940795898e-01;9.584060311317443848e-02
4.619841575622558594e-01;-6.444343328475952148e-01;2.900984585285186768e-01
1.544676870107650757e-01;-2.472085356712341309e-01;-2.952249646186828613e-01
4.381922781467437744e-01;-3.869599699974060059e-01;-3.330345153808593750e-01
-4.720681011676788330e-01;6.300876736640930176e-01;3.121460080146789551e-01
-1.669970154762268066e-02;-4.795107990503311157e-02;-2.040703445672988892e-01
-1.786009073257446289e-01;6.459099799394607544e-02;2.507883906364440918e-01
-1.242406293749809265e-01;3.535350561141967773e-01;3.091812133789062500e-01
-3.404060006141662598e-01;3.694151937961578369e-01;3.218172788619995117e-01
-1.956648081541061401e-01;6.858867406845092773e-01;3.401771783828735352e-01
2.303942888975143433e-01;6.641954779624938965e-01;3.519624769687652588e-01
-4.526131153106689453e-01;-6.927525997161865234e-01;-5.572884678840637207e-01
-4.601642489433288574e-01;-4.791133105754852295e-01;2.133609652519226074e-01
-5.891140177845954895e-02;-2.263270318508148193e-01;1.921863704919815063e-01
1.993111521005630493e-02;-2.299308180809020996e-01;-3.307351768016815186e-01
-4.346517026424407959e-01;-7.513147592544555664e-02;-3.251704275608062744e-01
4.770441353321075439e-01;-2.049116492271423340e-01;-5.195150971412658691e-01
2.291816622018814087e-01;3.732158839702606201e-01;2.997007668018341064e-01
2.286160886287689209e-01;4.521082341670989990e-02;2.330581843852996826e-01
4.545327425003051758e-01;-4.562002122402191162e-01;2.194387763738632202e-01
4.391274452209472656e-01;-2.795688509941101074e-01;7.427003234624862671e-02
4.415684044361114502e-01;4.961729943752288818e-01;3.028460144996643066e-01
4.315120577812194824e-01;-9.711872786283493042e-02;-9.489478170871734619e-02
-1.758420467376708984e-01;-2.654739618301391602e-01;-4.483540952205657959e-01
4.280970394611358643e-01;-2.407275140285491943e-01;9.490448981523513794e-02
-4.710220694541931152e-01;-2.908590435981750488e-01;1.765892505645751953e-01
3.531695529818534851e-02;-1.382941305637359619e-01;-1.711923927068710327e-01
4.414539039134979248e-01;-7.043651491403579712e-02;-2.248011827468872070e-01
4.030186533927917480e-01;-6.723254919052124023e-02;-5.343499779701232910e-01
-2.131757736206054688e-01;-5.506385490298271179e-02;-4.497246071696281433e-02
1.423050649464130402e-02;6.684802174568176270e-01;3.419700562953948975e-01
-4.506170749664306641e-01;5.821450799703598022e-02;1.995443999767303467e-01
2.193408310413360596e-01;-5.076516047120094299e-02;-3.424738049507141113e-01
-2.629589736461639404e-01;4.530535042285919189e-01;3.261634707450866699e-01
4.377965331077575684e-01;5.873611569404602051e-02;1.943296492099761963e-01
-2.055820673704147339e-01;-6.726045906543731689e-02;-5.464197397232055664e-01
4.483025670051574707e-01;3.519064188003540039e-01;2.948013544082641602e-01
4.387298598885536194e-02;8.707278221845626831e-02;2.458334267139434814e-01
-4.572052955627441406e-01;-6.329388916492462158e-02;6.332599371671676636e-02
-2.090005725622177124e-01;-4.959120601415634155e-02;-3.270452022552490234e-01
2.361254766583442688e-02;4.500192105770111084e-01;3.197363018989562988e-01
-4.431123137474060059e-01;-8.817869424819946289e-02;-1.398062855005264282e-01
-4.587920904159545898e-01;-6.663062572479248047e-01;2.785122990608215332e-01
1.224327553063631058e-02;-5.994857102632522583e-02;9.886211156845092773e-02
4.718925952911376953e-01;6.822761297225952148e-01;3.097015917301177979e-01
-4.643211066722869873e-01;-3.339672982692718506e-01;-1.051940768957138062e-01
-4.277276992797851562e-01;-1.850177049636840820e-01;-4.883735179901123047e-01
2.043291479349136353e-01;-5.966583639383316040e-02;-1.240682974457740784e-02
-4.422459304332733154e-01;-3.845222294330596924e-02;-5.380525588989257812e-01
-4.335867762565612793e-01;-5.069794058799743652e-01;-5.443871617317199707e-01
3.178192973136901855e-01;-3.112199902534484863e-01;-4.104800522327423096e-01
-1.633768677711486816e-01;-2.443414628505706787e-01;-3.023173511028289795e-01
-4.703477323055267334e-01;4.968464672565460205e-01;2.932434082031250000e-01
-4.723665416240692139e-01;6.747928857803344727e-01;3.088006377220153809e-01
4.280638396739959717e-01;-4.821210801601409912e-01;-5.334839820861816406e-01
4.272016286849975586e-01;-3.165673315525054932e-01;6.777353584766387939e-02
8.482250384986400604e-03;-7.346250116825103760e-02;-5.397899746894836426e-01
-1.964077204465866089e-01;7.825041562318801880e-02;2.493895739316940308e-01
2.329297661781311035e-01;5.017539858818054199e-01;3.204456567764282227e-01
-1.417904254049062729e-02;-2.299201488494873047e-01;1.785346865653991699e-01
1.073106378316879272e-01;-2.290475666522979736e-01;1.816119402647018433e-01
2.261788696050643921e-01;-9.012147039175033569e-02;-5.589818358421325684e-01
4.494802057743072510e-01;-7.699748128652572632e-02;-3.307313323020935059e-01
