1.482943147420883179e-01;4.906566441059112549e-01;1.685157716274261475e-01
2.656584382057189941e-01;8.522825837135314941e-01;-1.597494992893189192e-04
1.533758491277694702e-01;3.062625825405120850e-01;1.678548753261566162e-01
-3.195206224918365479e-01;8.933142423629760742e-01;7.587679475545883179e-02
3.207340538501739502e-01;7.595019936561584473e-01;4.869791492819786072e-02
2.385020554065704346e-01;-1.419890224933624268e-01;-5.376815795898437500e-02
3.331772089004516602e-01;8.299909830093383789e-01;-4.310839995741844177e-02
1.275146603584289551e-01;-2.546751201152801514e-01;-9.687102586030960083e-02
-2.962686419486999512e-01;-3.988151252269744873e-01;-2.960498631000518799e-01
-2.094066441059112549e-01;-2.861159145832061768e-01;1.076731607317924500e-01
2.824734449386596680e-01;-1.419890224933624268e-01;-4.408138245344161987e-02
2.508102655410766602e-01;7.595019936561584473e-01;1.580642014741897583e-01
2.522568702697753906e-01;-1.419890224933624268e-01;-1.282514929771423340e-01
1.696904152631759644e-01;7.779114842414855957e-01;2.157434672117233276e-01
8.904249221086502075e-02;-2.546751201152801514e-01;5.162421986460685730e-02
-2.127442061901092529e-01;-2.546751201152801514e-01;-1.531748920679092407e-01
1.843817383050918579e-01;-2.191808372735977173e-01;2.272219210863113403e-01
1.187863200902938843e-01;4.195278286933898926e-01;1.547290235757827759e-01
-2.094066441059112549e-01;-2.973471879959106445e-01;1.373723447322845459e-01
-1.529930830001831055e-01;-1.419890224933624268e-01;1.701659113168716431e-01
2.742598950862884521e-01;-4.012946188449859619e-01;1.266136467456817627e-01
-2.680098116397857666e-01;-3.621421158313751221e-01;7.027163356542587280e-02
2.260183244943618774e-01;-1.419890224933624268e-01;-2.441620677709579468e-01
1.298938393592834473e-01;-2.546751201152801514e-01;-9.298010170459747314e-02
-2.882164716720581055e-01;8.907312154769897461e-01;1.300025731325149536e-01
-1.580224186182022095e-01;5.482099652290344238e-01;1.443352848291397095e-01
1.443263292312622070e-01;-6.834359467029571533e-02;1.687380075454711914e-01
2.486195713281631470e-01;7.898284122347831726e-03;9.683227539062500000e-02
-2.962686419486999512e-01;-5.142148733139038086e-01;-2.726131975650787354e-01
2.174422144889831543e-01;-1.419890224933624268e-01;-5.249237269163131714e-02
3.251319229602813721e-01;-5.603215098381042480e-01;-3.376128971576690674e-01
1.195310279726982117e-01;-2.546751201152801514e-01;3.624434769153594971e-02
-9.360313415527343750e-02;6.852121949195861816e-01;1.543002575635910034e-01
-2.855339460074901581e-02;2.254735082387924194e-01;1.390145123004913330e-01
2.184596508741378784e-01;-1.419890224933624268e-01;-1.564323604106903076e-01
-3.155274093151092529e-01;8.933142423629760742e-01;7.055154442787170410e-02
1.220194324851036072e-01;3.286859989166259766e-01;1.589569300413131714e-01
2.902302742004394531e-01;-3.256413638591766357e-01;1.515714675188064575e-01
2.810643613338470459e-01;3.995835781097412109e-01;4.385160654783248901e-02
2.670990526676177979e-01;-2.546751201152801514e-01;-2.082296609878540039e-01
2.319481819868087769e-01;-2.986978292465209961e-01;-3.344130516052246094e-01
-3.080072999000549316e-01;-6.099182367324829102e-01;-2.908172607421875000e-01
2.493552714586257935e-01;8.933142423629760742e-01;1.011829227209091187e-01
2.860685288906097412e-01;-3.992680907249450684e-01;7.027163356542587280e-02
-3.811116889119148254e-02;8.543459773063659668e-01;2.383005917072296143e-01
-2.808486223220825195e-01;6.047900319099426270e-01;1.070760339498519897e-01
-2.197650372982025146e-01;-2.546751201152801514e-01;-8.624736219644546509e-02
-6.826598942279815674e-02;-1.419890224933624268e-01;1.099262908101081848e-01
-2.950190305709838867e-01;-1.613198369741439819e-01;-2.161575257778167725e-01
3.041648864746093750e-01;7.918998599052429199e-01;1.453001499176025391e-01
3.305487930774688721e-01;-6.149166226387023926e-01;7.558935135602951050e-02
-3.080797381699085236e-02;1.321631520986557007e-01;1.492949426174163818e-01
2.969582676887512207e-01;-1.259777545928955078e-01;5.275432765483856201e-02
-2.993849664926528931e-02;7.116326093673706055e-01;1.587089896202087402e-01
-3.219482898712158203e-01;-1.882479637861251831e-01;9.739013016223907471e-02
2.853521108627319336e-01;-3.515860140323638916e-01;1.266136467456817627e-01
3.305487930774688721e-01;-6.657686233520507812e-01;1.090663224458694458e-01
-1.217465549707412720e-01;-1.419890224933624268e-01;1.572926491498947144e-01
-2.329919636249542236e-01;7.595019936561584473e-01;8.220225572586059570e-02
-2.826435267925262451e-01;3.921649754047393799e-01;6.882489472627639771e-02
-2.399266362190246582e-01;-8.867117762565612793e-01;-2.851746380329132080e-01
3.404819965362548828e-01;-2.546751201152801514e-01;9.037693589925765991e-02
-2.343437075614929199e-01;-2.984378337860107422e-01;-3.563942611217498779e-01
3.057311773300170898e-01;1.189844403415918350e-02;7.093288004398345947e-02
-2.600295245647430420e-01;-7.393344044685363770e-01;1.266136467456817627e-01
1.529273539781570435e-01;-1.146234385669231415e-02;1.041373386979103088e-01
3.188101649284362793e-01;-4.158414006233215332e-01;1.107354164123535156e-01
-1.240399628877639771e-01;-2.533254027366638184e-01;2.401257157325744629e-01
3.048534989356994629e-01;-3.289288878440856934e-01;7.027163356542587280e-02
4.464509710669517517e-02;-1.895967870950698853e-01;-3.904656469821929932e-01
3.102706968784332275e-01;-2.546751201152801514e-01;-2.705942690372467041e-01
2.341133803129196167e-01;-1.419890224933624268e-01;-3.047682940959930420e-01
-2.988958656787872314e-01;-2.421460151672363281e-01;-3.939569890499114990e-01
-3.237353265285491943e-01;-2.546751201152801514e-01;-1.060963645577430725e-01
4.391992464661598206e-02;8.933142423629760742e-01;1.249767243862152100e-01
-2.438565641641616821e-01;-5.951208472251892090e-01;-3.376128971576690674e-01
1.576374769210815430e-01;7.595019936561584473e-01;1.611810326576232910e-01
9.778977185487747192e-02;-1.419890224933624268e-01;-2.570282376836985350e-04
-2.462167739868164062e-01;2.818750441074371338e-01;1.182657554745674133e-01
1.328845322132110596e-01;-2.108343318104743958e-02;1.059743016958236694e-01
-1.730854809284210205e-01;-2.546751201152801514e-01;-4.836079850792884827e-02
1.527776569128036499e-01;-1.743078827857971191e-01;-3.751767575740814209e-01
1.646036654710769653e-01;2.346787154674530029e-01;1.096027940511703491e-01
-1.524469554424285889e-01;7.595019936561584473e-01;1.513325423002243042e-01
-1.432945430278778076e-01;-2.546751201152801514e-01;-2.501769363880157471e-01
-2.417322695255279541e-01;1.431963592767715454e-01;5.715429782867431641e-02
1.188681125640869141e-01;-1.419890224933624268e-01;1.373894810676574707e-01
3.044930398464202881e-01;-3.058965504169464111e-01;3.975164890289306641e-02
4.262707382440567017e-02;-1.419890224933624268e-01;-1.765128076076507568e-01
-5.496713891625404358e-02;-1.422466486692428589e-01;2.037110924720764160e-01
2.629119753837585449e-01;2.178559750318527222e-01;4.483095556497573853e-02
1.412817090749740601e-01;7.595019936561584473e-01;1.174327358603477478e-01
2.541118860244750977e-01;-3.256413638591766357e-01;-2.963441908359527588e-01
1.366301178932189941e-01;1.697570681571960449e-01;1.676241308450698853e-01
3.259631395339965820e-01;-6.707424521446228027e-01;1.020063981413841248e-01
2.719301283359527588e-01;-7.144870162010192871e-01;1.266136467456817627e-01
1.807003654539585114e-02;8.530033379793167114e-02;1.792660951614379883e-01
-2.458895891904830933e-01;3.752901256084442139e-01;5.542363971471786499e-02
3.188101649284362793e-01;-4.366819560527801514e-01;-2.765019237995147705e-01
3.493301570415496826e-01;-2.422663867473602295e-01;8.198679983615875244e-02
1.611270308494567871e-01;-2.180151641368865967e-01;-3.939569890499114990e-01
2.777900099754333496e-01;9.147153049707412720e-02;1.080164089798927307e-01
-1.077398881316184998e-01;1.629354506731033325e-01;1.248418018221855164e-01
3.318988084793090820e-01;-8.170039653778076172e-01;1.058612465858459473e-01
-2.270774394273757935e-01;-2.546751201152801514e-01;-3.665207326412200928e-01
1.228733882308006287e-01;8.290655612945556641e-01;2.291663885116577148e-01
2.430489808320999146e-01;3.240191936492919922e-01;8.736389875411987305e-02
-2.923433184623718262e-01;-6.550375223159790039e-01;-3.376128971576690674e-01
-2.234134227037429810e-01;1.702634990215301514e-01;9.384717047214508057e-02
-2.143124788999557495e-01;-1.419890224933624268e-01;-4.171896725893020630e-02
1.633799523115158081e-01;-1.419890224933624268e-01;1.111214831471443176e-01
-2.829630076885223389e-01;2.136451005935668945e-01;6.923983991146087646e-02
-6.587178260087966919e-02;-1.855031400918960571e-01;2.456434071063995361e-01
6.611051503568887711e-03;-1.612790860235691071e-02;1.184512227773666382e-01
-1.700584143400192261e-01;-1.419890224933624268e-01;-2.767622470855712891e-01
-1.521192193031311035e-01;2.049554884433746338e-01;1.321230381727218628e-01
3.146740794181823730e-01;-3.839601278305053711e-01;-2.695322632789611816e-01
-2.414687722921371460e-01;-3.938287496566772461e-01;1.266136467456817627e-01
-2.830983996391296387e-01;-3.033169507980346680e-01;-2.390122711658477783e-01
-2.484670281410217285e-01;-1.419890224933624268e-01;1.175235733389854431e-01
-2.301304489374160767e-01;1.552479714155197144e-01;6.611218303442001343e-02
-1.850020289421081543e-01;-1.419890224933624268e-01;-2.152358554303646088e-02
2.667481303215026855e-01;-9.303188323974609375e-01;7.027163356542587280e-02
-1.523223072290420532e-01;5.572335720062255859e-01;1.323868185281753540e-01
-2.846481800079345703e-01;-2.509771846234798431e-02;7.238683849573135376e-02
-1.314895506948232651e-02;4.196761250495910645e-01;1.797324866056442261e-01
1.777769625186920166e-01;5.219837427139282227e-01;1.315373480319976807e-01
-1.216900125145912170e-01;-2.546751201152801514e-01;-1.660397201776504517e-01
2.679849602282047272e-02;1.660370975732803345e-01;1.296348422765731812e-01
-2.855412364006042480e-01;-6.430100202560424805e-01;-2.577936351299285889e-01
-2.857144773006439209e-01;7.968626171350479126e-02;9.861565381288528442e-02
2.310407310724258423e-01;8.404597043991088867e-01;3.043540939688682556e-02
1.401030570268630981e-01;-2.462820410728454590e-01;2.423372417688369751e-01
-2.619205117225646973e-01;7.932553887367248535e-01;-2.711378782987594604e-02
-1.016294062137603760e-01;-2.546751201152801514e-01;-2.162859886884689331e-01
-2.783371508121490479e-01;8.086501359939575195e-01;1.387340277433395386e-01
-2.938214242458343506e-01;-3.446534872055053711e-01;-3.258763849735260010e-01
2.790336683392524719e-02;3.835302963852882385e-02;1.703078895807266235e-01
2.624681293964385986e-01;-4.415535628795623779e-01;1.108180284500122070e-01
-2.723023854196071625e-02;-1.419890224933624268e-01;-8.303643763065338135e-02
-3.267886638641357422e-01;-2.377351224422454834e-01;1.078720763325691223e-01
2.988201975822448730e-01;4.643699526786804199e-01;5.519087985157966614e-02
-3.254978656768798828e-01;8.933142423629760742e-01;-8.608385105617344379e-04
-3.168998658657073975e-01;7.782714962959289551e-01;-3.831158950924873352e-02
3.125630319118499756e-01;-1.563209891319274902e-01;-2.355918735265731812e-01
2.976797223091125488e-01;8.488419651985168457e-01;1.496626883745193481e-01
-9.347263723611831665e-02;1.191840767860412598e-01;1.503537297248840332e-01
-1.237110644578933716e-01;6.877088546752929688e-01;1.192490756511688232e-01
1.233941391110420227e-01;-2.211602479219436646e-01;2.463815957307815552e-01
2.688089013099670410e-01;-3.256413638591766357e-01;-2.645787000656127930e-01
-3.054166138172149658e-01;-3.256413638591766357e-01;7.076993584632873535e-02
-3.015217930078506470e-02;-1.419890224933624268e-01;-2.551919519901275635e-01
-3.021178841590881348e-01;-8.059790730476379395e-01;6.457278132438659668e-02
2.624681293964385986e-01;-8.680295348167419434e-01;1.240278333425521851e-01
-2.111075818538665771e-01;-2.546751201152801514e-01;-9.947887808084487915e-02
2.632146179676055908e-01;7.595019936561584473e-01;1.597274690866470337e-01
1.053320541977882385e-01;-2.546751201152801514e-01;-3.141412511467933655e-02
-2.246664464473724365e-02;-1.717058569192886353e-01;-3.725747168064117432e-01
2.245329171419143677e-01;-2.546751201152801514e-01;-4.596411064267158508e-02
2.408112585544586182e-01;1.337575763463973999e-01;7.708325982093811035e-02
-2.639314830303192139e-01;-9.307918548583984375e-01;1.068959608674049377e-01
-2.453345656394958496e-01;-1.419890224933624268e-01;-2.673822939395904541e-01
1.730099022388458252e-01;1.478107720613479614e-01;1.537022739648818970e-01
-1.954278200864791870e-01;7.595019936561584473e-01;4.200583323836326599e-02
6.874617934226989746e-02;8.933142423629760742e-01;1.248134151101112366e-01
-2.210889160633087158e-01;-2.546751201152801514e-01;-1.496486663818359375e-01
-2.875165343284606934e-01;-2.546751201152801514e-01;6.827111542224884033e-02
-9.839387983083724976e-02;2.349305152893066406e-01;1.344430893659591675e-01
2.216049879789352417e-01;7.595019936561584473e-01;1.327040046453475952e-01
-5.817373096942901611e-02;-2.031501084566116333e-01;-3.939569890499114990e-01
2.732249908149242401e-03;-2.546751201152801514e-01;1.741783320903778076e-01
-2.829883694648742676e-01;-8.630281686782836914e-01;6.891786307096481323e-02
3.305487930774688721e-01;-5.703750252723693848e-01;9.725426882505416870e-02
-2.561433017253875732e-01;-7.066842913627624512e-01;7.027163356542587280e-02
-2.922414541244506836e-01;8.022429347038269043e-01;1.264455467462539673e-01
1.168100982904434204e-01;-1.419890224933624268e-01;-1.153969857841730118e-02
8.377381414175033569e-02;-2.546751201152801514e-01;-3.137199580669403076e-01
2.349466532468795776e-01;8.457453846931457520e-01;1.880912631750106812e-01
2.319481819868087769e-01;-2.719990015029907227e-01;8.269994705915451050e-02
-2.466797679662704468e-01;-2.546751201152801514e-01;1.217583119869232178e-01
1.759202033281326294e-01;8.933142423629760742e-01;7.778515666723251343e-02
1.808352619409561157e-01;7.860997915267944336e-01;6.407737731933593750e-02
-2.239754199981689453e-01;5.725205875933170319e-03;9.621634334325790405e-02
3.294308483600616455e-01;-8.526504039764404297e-01;-3.310092985630035400e-01
1.070613339543342590e-01;-2.546751201152801514e-01;7.170044630765914917e-02
1.482063233852386475e-01;7.595019936561584473e-01;1.576944291591644287e-01
3.183961808681488037e-01;-1.621541529893875122e-01;5.734064802527427673e-02
5.558116734027862549e-02;8.296390175819396973e-01;1.039693504571914673e-01
-9.854087233543395996e-02;5.677840113639831543e-01;1.693619191646575928e-01
3.218795061111450195e-01;-2.546751201152801514e-01;-2.659893035888671875e-01
2.358247488737106323e-01;-3.256413638591766357e-01;1.541263461112976074e-01
-4.362567886710166931e-02;-1.419890224933624268e-01;-2.004921407205983996e-04
-3.038015961647033691e-01;-2.806798219680786133e-01;-3.563942611217498779e-01
-2.962686419486999512e-01;-5.041952729225158691e-01;7.869169116020202637e-02
-1.190825179219245911e-01;-2.546751201152801514e-01;-1.505169123411178589e-01
-2.399266362190246582e-01;-6.918313503265380859e-01;9.747070819139480591e-02
5.029065907001495361e-02;-2.111688256263732910e-01;-3.939569890499114990e-01
-2.245337665081024170e-01;-8.408715128898620605e-01;-3.284744620323181152e-01
2.108712447807192802e-03;-8.287423104047775269e-02;1.178498789668083191e-01
-2.893887460231781006e-01;-7.425655722618103027e-01;-2.695322632789611816e-01
-2.252542823553085327e-01;3.107116520404815674e-01;9.928922355175018311e-02
-1.710743829607963562e-02;6.082646250724792480e-01;1.241931915283203125e-01
-1.302098035812377930e-01;1.355746835470199585e-01;1.841305345296859741e-01
-2.764445729553699493e-02;5.484957098960876465e-01;1.368324905633926392e-01
-1.620873212814331055e-01;-2.546751201152801514e-01;-1.968020349740982056e-01
1.126726493239402771e-01;1.398294139653444290e-02;1.356605589389801025e-01
1.322828531265258789e-01;-1.793265938758850098e-01;-3.801954388618469238e-01
-2.617361247539520264e-01;7.140249609947204590e-01;1.188046187162399292e-01
-2.897007204592227936e-02;-2.546751201152801514e-01;-2.765604294836521149e-02
3.015508353710174561e-01;-5.210120603442192078e-02;5.876426398754119873e-02
-1.557406187057495117e-01;-2.546751201152801514e-01;-1.556632667779922485e-01
-1.220889836549758911e-01;1.312794983386993408e-01;1.841316670179367065e-01
-2.393718361854553223e-01;2.923915982246398926e-01;5.813694000244140625e-02
-2.399266362190246582e-01;-4.186673164367675781e-01;7.042005658149719238e-02
1.144607439637184143e-01;8.767454624176025391e-01;2.308490425348281860e-01
-2.558725774288177490e-01;-6.499530076980590820e-01;-2.577936351299285889e-01
-7.316754758358001709e-02;8.933142423629760742e-01;1.081529855728149414e-01
3.303542435169219971e-01;-6.686409115791320801e-01;-3.376128971576690674e-01
-5.079927723272703588e-05;5.769962668418884277e-01;1.180858910083770752e-01
2.300375998020172119e-01;7.871683835983276367e-01;3.132195025682449341e-02
-2.939160168170928955e-01;-7.993625998497009277e-01;-3.258763849735260010e-01
2.330024689435958862e-01;8.120104670524597168e-01;1.890559792518615723e-01
1.773745417594909668e-01;1.304876524955034256e-02;1.284374296665191650e-01
4.455360025167465210e-02;-2.546751201152801514e-01;1.572431474924087524e-01
2.613133490085601807e-01;3.866644501686096191e-01;1.059398949146270752e-01
2.730851471424102783e-01;-2.546751201152801514e-01;-3.901727199554443359e-01
-9.350405633449554443e-02;6.405449509620666504e-01;1.501116901636123657e-01
3.310279175639152527e-02;-1.058306619524955750e-01;1.604781150817871094e-01
-7.380101084709167480e-02;-2.546751201152801514e-01;1.026974171400070190e-01
-2.728006541728973389e-01;5.113285034894943237e-02;1.144702807068824768e-01
3.382109478116035461e-02;3.648328185081481934e-01;1.436207145452499390e-01
1.077262982726097107e-01;-1.419890224933624268e-01;-2.021958380937576294e-01
6.147753447294235229e-02;8.216118216514587402e-01;1.035807356238365173e-01
-2.429594248533248901e-01;-2.978807091712951660e-01;1.571336388587951660e-01
2.385590970516204834e-01;-2.419434487819671631e-01;-3.939569890499114990e-01
2.455485910177230835e-01;7.605955600738525391e-01;1.761380955576896667e-02
3.069650530815124512e-01;-1.507230252027511597e-01;-1.634225100278854370e-01
2.854243516921997070e-01;6.081783026456832886e-02;4.538605734705924988e-02
2.414421439170837402e-01;3.349566459655761719e-01;8.194422721862792969e-02
-2.624555230140686035e-01;-7.684891223907470703e-01;1.266136467456817627e-01
2.903884053230285645e-01;4.856362044811248779e-01;1.038148850202560425e-01
1.187534928321838379e-01;1.663556881248950958e-02;1.173431053757667542e-01
1.179159879684448242e-01;1.704719662666320801e-01;1.184308305382728577e-01
3.493301570415496826e-01;-1.996439993381500244e-01;-2.370023131370544434e-01
2.903350889682769775e-01;-9.881909936666488647e-02;4.755641520023345947e-02
-1.808599829673767090e-01;8.213903307914733887e-01;4.234144464135169983e-02
1.244990229606628418e-01;8.167389035224914551e-01;2.288412451744079590e-01
3.061671853065490723e-01;-5.235805511474609375e-01;1.266136467456817627e-01
2.848494611680507660e-02;-1.419890224933624268e-01;-1.107020899653434753e-01
-3.267886638641357422e-01;-2.479580193758010864e-01;1.556252688169479370e-02
2.986171245574951172e-01;-8.477864265441894531e-01;-3.390193283557891846e-01
-1.433585584163665771e-01;-1.419890224933624268e-01;1.308307945728302002e-01
1.458629071712493896e-01;6.420248746871948242e-01;1.031935662031173706e-01
1.763447672128677368e-01;1.477312743663787842e-01;1.253429502248764038e-01
2.929462790489196777e-01;8.162375688552856445e-01;-2.427664399147033691e-02
3.292563930153846741e-02;5.013664364814758301e-01;1.405054330825805664e-01
-2.459049075841903687e-01;-3.076141774654388428e-01;-2.390122711658477783e-01
-2.168035656213760376e-01;-3.189893662929534912e-01;3.975164890289306641e-02
5.604799091815948486e-02;-1.419890224933624268e-01;-2.689864858984947205e-02
2.624681293964385986e-01;-4.631578326225280762e-01;-2.721574008464813232e-01
-2.906409800052642822e-01;-5.369281172752380371e-01;6.016455590724945068e-02
-2.672182321548461914e-01;-7.173841595649719238e-01;7.027163356542587280e-02
2.079319357872009277e-01;-1.419890224933624268e-01;8.782383054494857788e-02
-2.048951536417007446e-01;-2.546751201152801514e-01;2.657446078956127167e-02
-7.885930687189102173e-02;-1.818463355302810669e-01;2.393164336681365967e-01
1.156593710184097290e-01;-1.419890224933624268e-01;1.652456820011138916e-01
-3.021373450756072998e-01;-5.369281172752380371e-01;6.672453880310058594e-02
1.703077852725982666e-01;-2.546751201152801514e-01;1.959836483001708984e-01
7.127425819635391235e-02;-2.546751201152801514e-01;-1.535231322050094604e-01
1.775513142347335815e-01;5.226800590753555298e-02;1.421929001808166504e-01
1.782529503107070923e-01;7.218729257583618164e-01;1.369300335645675659e-01
3.305487930774688721e-01;-5.557832717895507812e-01;-3.077843487262725830e-01
-2.846627533435821533e-01;-9.015385508537292480e-01;-3.258763849735260010e-01
2.843855917453765869e-01;2.362605929374694824e-02;4.495374113321304321e-02
-8.249797672033309937e-02;8.933142423629760742e-01;2.278199344873428345e-01
-7.461313903331756592e-02;8.437664508819580078e-01;9.371470659971237183e-02
2.769738137722015381e-01;-7.371098399162292480e-01;-3.258763849735260010e-01
-1.441575735807418823e-01;7.755336165428161621e-01;2.127720713615417480e-01
-5.196245759725570679e-02;7.595019936561584473e-01;1.334943771362304688e-01
-2.783150672912597656e-01;6.430202722549438477e-01;6.332547217607498169e-02
2.443996816873550415e-01;-1.419890224933624268e-01;-7.618374377489089966e-02
3.775888681411743164e-01;8.933142423629760742e-01;-2.121677622199058533e-02
2.902524769306182861e-01;2.055767625570297241e-01;1.039188429713249207e-01
2.800026834011077881e-01;8.814270496368408203e-01;1.615539789199829102e-01
-3.355425596237182617e-01;8.392171263694763184e-01;8.817549794912338257e-02
1.227374374866485596e-01;7.786380052566528320e-01;8.897390961647033691e-02
1.936682611703872681e-01;7.595019936561584473e-01;8.059535175561904907e-02
2.923924326896667480e-01;3.822310566902160645e-01;1.022824123501777649e-01
-3.080230765044689178e-02;1.209624186158180237e-01;1.520548462867736816e-01
-1.582837998867034912e-01;7.409433722496032715e-01;1.462920904159545898e-01
2.451229989528656006e-01;4.660027623176574707e-01;5.914678797125816345e-02
2.989029884338378906e-01;2.408535927534103394e-01;9.612399339675903320e-02
-1.481711417436599731e-01;5.299811363220214844e-01;1.759622395038604736e-01
6.302338838577270508e-02;-2.546751201152801514e-01;-3.901828527450561523e-01
-3.267886638641357422e-01;-2.324872016906738281e-01;9.828396141529083252e-02
2.190133184194564819e-02;2.552712894976139069e-02;1.249833106994628906e-01
-3.071267306804656982e-01;-2.546751201152801514e-01;-1.874880790710449219e-01
-2.399266362190246582e-01;-3.338895142078399658e-01;1.226169914007186890e-01
7.122946530580520630e-02;-1.419890224933624268e-01;-5.864343419671058655e-02
-2.281880229711532593e-01;-6.171321272850036621e-01;5.984774976968765259e-02
3.305487930774688721e-01;-6.551426649093627930e-01;-3.227864205837249756e-01
-9.776733070611953735e-02;-1.419890224933624268e-01;1.485801637172698975e-01
-3.192825317382812500e-01;-2.546751201152801514e-01;7.193327695131301880e-02
-2.569555044174194336e-01;7.531042098999023438e-01;5.413325130939483643e-02
-1.495379954576492310e-01;2.299734801054000854e-01;1.287706494331359863e-01
3.262276351451873779e-01;-2.546751201152801514e-01;-1.350719183683395386e-01
-2.962686419486999512e-01;-8.989039063453674316e-01;-2.880592942237854004e-01
-6.976698059588670731e-03;4.283064007759094238e-01;1.190996319055557251e-01
-2.805167734622955322e-01;4.756092429161071777e-01;6.606274843215942383e-02
1.414309591054916382e-01;-2.546751201152801514e-01;-1.277073472738265991e-01
-2.316432744264602661e-01;-5.411999821662902832e-01;-2.577936351299285889e-01
-1.598583906888961792e-02;6.948307156562805176e-01;1.780627369880676270e-01
1.163368374109268188e-01;6.755638122558593750e-01;1.212857887148857117e-01
-2.738122940063476562e-01;-4.471153616905212402e-01;7.027163356542587280e-02
1.485849022865295410e-01;-2.546751201152801514e-01;-1.335140168666839600e-01
-3.423318862915039062e-01;7.601435780525207520e-01;8.217540383338928223e-02
3.305487930774688721e-01;-5.528083443641662598e-01;-2.673600316047668457e-01
1.498227715492248535e-01;-2.546751201152801514e-01;-2.703457176685333252e-01
-3.110069036483764648e-02;-2.546751201152801514e-01;3.973685670644044876e-03
-2.534340918064117432e-01;8.916500210762023926e-01;1.563959419727325439e-01
1.776598244905471802e-01;2.970470190048217773e-01;1.413790136575698853e-01
3.983951755799353123e-04;-2.546751201152801514e-01;-2.274674922227859497e-01
-6.319133937358856201e-02;7.947663068771362305e-01;2.342555969953536987e-01
-1.227374672889709473e-01;-1.419890224933624268e-01;-2.063767313957214355e-01
1.815782306948676705e-04;2.069538384675979614e-01;1.180557310581207275e-01
3.621185198426246643e-02;-1.419890224933624268e-01;4.518112540245056152e-02
2.459349781274795532e-01;4.184619486331939697e-01;5.809263512492179871e-02
-2.819712162017822266e-01;-8.607393503189086914e-01;-3.299804925918579102e-01
-2.377948164939880371e-01;-6.409505605697631836e-01;-3.376128971576690674e-01
-2.441195100545883179e-01;-6.409469246864318848e-01;-2.577936351299285889e-01
2.910355925559997559e-01;8.065136075019836426e-01;-2.258801274001598358e-02
3.576647639274597168e-01;7.792399525642395020e-01;-3.982111066579818726e-02
3.262013494968414307e-01;-1.699593216180801392e-01;-2.653619349002838135e-01
-2.962686419486999512e-01;-7.122101187705993652e-01;-2.955251932144165039e-01
-1.213065534830093384e-01;6.561141014099121094e-01;1.195701509714126587e-01
2.787702679634094238e-01;-4.561966061592102051e-01;-2.695322632789611816e-01
-2.648951672017574310e-02;-2.546751201152801514e-01;-1.198415160179138184e-01
-1.291066408157348633e-01;-1.082165390253067017e-01;1.193242073059082031e-01
1.525276601314544678e-01;7.557194828987121582e-01;1.040839403867721558e-01
-1.478107273578643799e-01;-8.776713907718658447e-02;1.762398332357406616e-01
1.952943950891494751e-01;-1.646348387002944946e-01;1.915920823812484741e-01
3.364730626344680786e-02;8.405837416648864746e-01;2.408501058816909790e-01
-3.167982101440429688e-01;8.616355061531066895e-01;-3.834994509816169739e-02
1.906686872243881226e-01;7.662789225578308105e-01;2.085814177989959717e-01
3.493301570415496826e-01;-2.556322216987609863e-01;4.935582727193832397e-02
-2.411642372608184814e-01;7.595019936561584473e-01;3.338814899325370789e-02
-1.492751389741897583e-01;5.325818061828613281e-01;1.284648776054382324e-01
-2.561186254024505615e-01;-2.546751201152801514e-01;8.938895910978317261e-02
-6.697821617126464844e-02;-1.419890224933624268e-01;-2.751079201698303223e-01
2.789593636989593506e-01;-1.419890224933624268e-01;1.118080690503120422e-01
-2.741905450820922852e-01;-6.845690011978149414e-01;-2.695322632789611816e-01
-1.147107630968093872e-01;-2.546751201152801514e-01;-3.687331918627023697e-03
3.322962820529937744e-01;-8.220452070236206055e-01;5.536883324384689331e-02
2.313790321350097656e-01;-1.419890224933624268e-01;-2.098731249570846558e-01
-6.734970957040786743e-03;3.517418205738067627e-01;1.189999878406524658e-01
2.802227437496185303e-01;-1.419890224933624268e-01;-1.804023385047912598e-01
2.537587881088256836e-01;7.817922532558441162e-02;1.016451492905616760e-01
-1.317256838083267212e-01;-2.546751201152801514e-01;1.391699761152267456e-01
-1.440294235944747925e-01;3.703837394714355469e-01;1.791521906852722168e-01
-2.379548847675323486e-01;5.933501720428466797e-01;1.145065128803253174e-01
-3.077073022723197937e-02;-1.062410324811935425e-01;1.490160971879959106e-01
-1.010135114192962646e-01;4.163436889648437500e-01;1.725722998380661011e-01
1.107977703213691711e-01;-1.419890224933624268e-01;-2.712316811084747314e-01
-3.267886638641357422e-01;-2.843253910541534424e-01;-3.105198144912719727e-01
-2.233058512210845947e-01;6.715910434722900391e-01;9.304045140743255615e-02
-1.009979695081710815e-01;2.772130072116851807e-01;1.725521236658096313e-01
5.310958251357078552e-03;3.264524340629577637e-01;1.831073611974716187e-01
-2.953069210052490234e-01;-1.616077274084091187e-01;-2.254219502210617065e-01
-9.426236897706985474e-02;-1.627017371356487274e-02;1.592451035976409912e-01
-2.854259312152862549e-01;8.933142423629760742e-01;9.012836962938308716e-02
1.870593875646591187e-01;-1.419890224933624268e-01;6.512782722711563110e-02
2.123059034347534180e-01;7.595019936561584473e-01;1.939074993133544922e-01
3.188101649284362793e-01;-8.867893815040588379e-01;-2.874444127082824707e-01
-2.320973426103591919e-01;-1.817135214805603027e-01;-3.825823962688446045e-01
-2.281880229711532593e-01;-6.214460730552673340e-01;8.389326184988021851e-02
1.080485805869102478e-02;-2.546751201152801514e-01;8.452833862975239754e-04
-3.105469942092895508e-01;-1.768471449613571167e-01;-7.414141297340393066e-02
1.855378970503807068e-02;8.933142423629760742e-01;1.698598265647888184e-01
-9.750205278396606445e-02;7.743391990661621094e-01;2.273932099342346191e-01
-2.621160447597503662e-01;-4.969688355922698975e-01;7.027163356542587280e-02
-1.286111772060394287e-01;1.491747498512268066e-01;1.192598715424537659e-01
-1.177796125411987305e-01;1.083526611328125000e-01;1.200411096215248108e-01
3.504263609647750854e-02;-1.829606443643569946e-01;2.487139403820037842e-01
9.203258901834487915e-03;1.920913308858871460e-01;1.187974438071250916e-01
3.085890710353851318e-01;8.933142423629760742e-01;1.158457174897193909e-01
3.316760659217834473e-01;-1.754340380430221558e-01;-2.603436112403869629e-01
-2.962686419486999512e-01;-7.112514376640319824e-01;7.791507989168167114e-02
-1.556252092123031616e-01;-7.313036918640136719e-02;1.657828837633132935e-01
3.724752366542816162e-01;8.195001482963562012e-01;-3.318026661872863770e-02
-2.810573875904083252e-01;2.919938266277313232e-01;1.068030446767807007e-01
-3.281466960906982422e-01;8.933142423629760742e-01;3.625030396506190300e-03
1.300408989191055298e-01;-2.546751201152801514e-01;-3.254930302500724792e-02
1.293999105691909790e-01;-2.546751201152801514e-01;-3.248729407787322998e-01
3.057100176811218262e-01;3.721041083335876465e-01;8.063655346632003784e-02
-5.111180990934371948e-02;-1.419890224933624268e-01;-1.759746074676513672e-01
2.823754847049713135e-01;-8.400710821151733398e-01;-3.414620757102966309e-01
2.936303019523620605e-01;-2.966037690639495850e-01;-2.390122711658477783e-01
3.008235991001129150e-01;-6.620485782623291016e-01;-2.577936351299285889e-01
-1.712424121797084808e-02;4.380578696727752686e-01;1.242060363292694092e-01
-7.931719720363616943e-02;7.595019936561584473e-01;2.121936529874801636e-01
3.311659693717956543e-01;-1.749239563941955566e-01;-3.159710764884948730e-01
-2.556000351905822754e-01;-2.563617527484893799e-01;-2.390122711658477783e-01
-3.690147697925567627e-01;8.852739334106445312e-01;1.984274387359619141e-02
-1.697062999010086060e-01;-2.546751201152801514e-01;-5.067721754312515259e-02
3.203118145465850830e-01;-1.640698015689849854e-01;3.298898041248321533e-02
-1.137062460184097290e-01;6.916047930717468262e-01;1.216797903180122375e-01
-3.128947317600250244e-01;-2.546751201152801514e-01;-2.113904803991317749e-02
1.272270232439041138e-01;-1.907545030117034912e-01;2.432351708412170410e-01
-2.418022602796554565e-01;1.096292138099670410e-01;5.712516605854034424e-02
-2.828126549720764160e-01;-6.460085511207580566e-02;1.045076474547386169e-01
3.369199633598327637e-01;-2.546751201152801514e-01;-3.869681656360626221e-01
-1.656928360462188721e-01;7.595019936561584473e-01;1.985976248979568481e-01
-2.436072081327438354e-01;-9.307918548583984375e-01;1.213005632162094116e-01
3.436825275421142578e-01;-1.874405294656753540e-01;2.859000861644744873e-02
3.109051287174224854e-02;5.774787664413452148e-01;1.360535323619842529e-01
2.794874906539916992e-01;-8.709585666656494141e-02;4.364100098609924316e-02
3.147745132446289062e-01;-5.697276592254638672e-01;-3.376128971576690674e-01
2.902631461620330811e-01;-4.140363335609436035e-01;7.027163356542587280e-02
-2.314589917659759521e-01;5.058625936508178711e-01;6.437433511018753052e-02
-2.155843675136566162e-01;-1.419890224933624268e-01;1.238317508250474930e-02
1.557258069515228271e-01;-1.419890224933624268e-01;-7.185829454101622105e-04
3.038284480571746826e-01;-2.546751201152801514e-01;-1.761159673333168030e-02
-1.391086727380752563e-01;7.595019936561584473e-01;1.857441216707229614e-01
3.181403875350952148e-01;-9.307918548583984375e-01;1.050601378083229065e-01
2.626835703849792480e-01;-4.896389245986938477e-01;-2.695322632789611816e-01
-1.435796916484832764e-01;2.949785888195037842e-01;1.241126209497451782e-01
-3.267886638641357422e-01;-3.165833055973052979e-01;-2.870277762413024902e-01
-2.917213141918182373e-01;8.933142423629760742e-01;-1.829890720546245575e-02
-2.676413655281066895e-01;-9.553861618041992188e-02;5.660641565918922424e-02
-2.268162965774536133e-01;7.013316750526428223e-01;7.048706710338592529e-02
2.624681293964385986e-01;-7.018005251884460449e-01;9.403575956821441650e-02
2.957851886749267578e-01;1.165909692645072937e-01;5.175278335809707642e-02
-1.932985484600067139e-01;7.659551501274108887e-01;3.353193402290344238e-02
1.172353923320770264e-01;1.564989835023880005e-01;1.527008861303329468e-01
-3.479758799076080322e-01;8.933142423629760742e-01;4.636411741375923157e-02
2.848215699195861816e-01;-4.632916748523712158e-01;1.266136467456817627e-01
1.630216836929321289e-01;-1.243712827563285828e-01;1.636394858360290527e-01
3.215402662754058838e-01;-2.546751201152801514e-01;-3.078857660293579102e-01
6.591050326824188232e-02;-1.419890224933624268e-01;-1.973415017127990723e-01
1.540700942277908325e-01;-1.419890224933624268e-01;3.185991570353507996e-02
1.239061728119850159e-01;1.445250399410724640e-02;1.115094944834709167e-01
-5.474164336919784546e-02;-1.419890224933624268e-01;1.193783655762672424e-01
3.483169972896575928e-01;8.620159626007080078e-01;1.071444153785705566e-01
-2.755288779735565186e-01;-2.546751201152801514e-01;-1.573575139045715332e-01
2.507295310497283936e-01;-6.589229106903076172e-01;1.370796859264373779e-01
2.992142140865325928e-01;-7.305764555931091309e-01;7.027163356542587280e-02
-1.358672976493835449e-01;2.128053158521652222e-01;1.205620914697647095e-01
-2.962686419486999512e-01;-5.257783532142639160e-01;-2.999154031276702881e-01
2.632904350757598877e-01;-8.441426753997802734e-01;5.567743256688117981e-02
1.144518479704856873e-01;-2.546751201152801514e-01;-1.024302840232849121e-01
3.200812935829162598e-01;8.312669396400451660e-01;1.320986896753311157e-01
2.452213019132614136e-01;4.383226931095123291e-01;9.238660335540771484e-02
-2.399266362190246582e-01;-3.326066434383392334e-01;-2.917968034744262695e-01
-1.562766283750534058e-01;-1.202903687953948975e-01;1.393960565328598022e-01
6.526167504489421844e-03;5.644752383232116699e-01;1.829493045806884766e-01
-3.080072999000549316e-01;-5.647192597389221191e-01;1.197457239031791687e-01
1.973283737897872925e-01;-1.419890224933624268e-01;-3.396042585372924805e-01
3.305487930774688721e-01;-6.588006615638732910e-01;1.199012622237205505e-01
9.940455853939056396e-02;-1.419890224933624268e-01;1.287584379315376282e-02
2.797533869743347168e-01;-4.583449661731719971e-01;-3.258763849735260010e-01
3.042148053646087646e-01;-1.479727625846862793e-01;-1.947332024574279785e-01
2.568468451499938965e-03;7.595019936561584473e-01;1.787398010492324829e-01
-2.871959209442138672e-01;-2.546751201152801514e-01;-3.225126862525939941e-01
-2.399266362190246582e-01;-7.764890193939208984e-01;9.916236996650695801e-02
2.371423393487930298e-01;-3.087114095687866211e-01;-2.390122711658477783e-01
-2.724673449993133545e-01;-4.263915419578552246e-01;1.266136467456817627e-01
-1.001433581113815308e-01;2.753109931945800781e-01;1.321546286344528198e-01
-1.378622502088546753e-01;7.220696657896041870e-02;1.822159141302108765e-01
2.643778622150421143e-01;8.071234822273254395e-02;1.072161048650741577e-01
2.885824441909790039e-01;-3.711444139480590820e-02;4.670041054487228394e-02
-2.118396759033203125e-01;8.664416074752807617e-01;1.825688630342483521e-01
8.471386134624481201e-02;-2.546751201152801514e-01;8.208084106445312500e-02
-1.853393167257308960e-01;-1.419890224933624268e-01;-2.555169165134429932e-01
-2.357648313045501709e-01;-8.595770597457885742e-01;-3.311710953712463379e-01
-3.267886638641357422e-01;-2.033738940954208374e-01;-3.563409149646759033e-01
-2.427466958761215210e-02;7.837011814117431641e-01;2.392121106386184692e-01
7.339182496070861816e-02;7.864366769790649414e-01;1.012441962957382202e-01
3.359227776527404785e-01;-3.093362152576446533e-01;3.975164890289306641e-02
1.197607591748237610e-01;-2.546751201152801514e-01;1.322818845510482788e-01
1.992709338665008545e-01;-1.915733665227890015e-01;2.196918576955795288e-01
2.855703532695770264e-01;-8.054276704788208008e-01;-2.641643881797790527e-01
-1.462511271238327026e-01;4.263779819011688232e-01;1.774410158395767212e-01
-3.258750140666961670e-01;-2.546751201152801514e-01;-3.034365773200988770e-01
2.817044258117675781e-01;-8.876540660858154297e-01;-3.258763849735260010e-01
-2.317210286855697632e-01;8.933142423629760742e-01;1.010300368070602417e-01
-2.962686419486999512e-01;-7.167161107063293457e-01;9.138185530900955200e-02
-2.894649505615234375e-01;8.933142423629760742e-01;1.250073872506618500e-02
1.694985181093215942e-01;-2.546751201152801514e-01;-3.861939311027526855e-01
-2.556488811969757080e-01;3.965899944305419922e-01;1.196176409721374512e-01
-2.872071564197540283e-01;-4.192463308572769165e-02;9.447500854730606079e-02
1.136009469628334045e-01;4.702397882938385010e-01;1.287102699279785156e-01
1.634081006050109863e-01;5.218187570571899414e-01;1.086822599172592163e-01
-9.826993942260742188e-02;-1.419890224933624268e-01;4.751809686422348022e-02
-2.663425207138061523e-01;-1.125931590795516968e-01;5.607116222381591797e-02
-1.497245207428932190e-02;-2.546751201152801514e-01;1.978762745857238770e-01
-2.094066441059112549e-01;-2.838997542858123779e-01;6.042013317346572876e-02
2.546627223491668701e-01;-2.546751201152801514e-01;1.314989179372787476e-01
-3.267886638641357422e-01;-3.223508894443511963e-01;1.000859141349792480e-01
3.357446491718292236e-01;-2.546751201152801514e-01;-1.099321618676185608e-02
2.894820868968963623e-01;7.595019936561584473e-01;1.063764020800590515e-01
-2.584165036678314209e-01;1.072651892900466919e-01;5.432290956377983093e-02
1.682458519935607910e-01;2.790156006813049316e-01;1.596473306417465210e-01
2.537421882152557373e-02;-1.653151959180831909e-01;-3.661840558052062988e-01
3.188101649284362793e-01;-7.673825621604919434e-01;9.104444831609725952e-02
-1.954619437456130981e-01;-1.419890224933624268e-01;-3.322024047374725342e-01
-3.671987950801849365e-01;8.812761306762695312e-01;1.234641950577497482e-02
-2.232767790555953979e-01;3.838567435741424561e-01;8.070150762796401978e-02
1.563679724931716919e-01;-7.624210417270660400e-02;1.667833775281906128e-01
-1.354067027568817139e-01;5.846422314643859863e-01;1.203722283244132996e-01
-2.574794888496398926e-01;-3.785370886325836182e-01;7.027163356542587280e-02
2.507295310497283936e-01;-5.464821457862854004e-01;6.128532066941261292e-02
-2.888082265853881836e-01;-6.707424521446228027e-01;-2.688906490802764893e-01
2.744070887565612793e-01;7.505177855491638184e-01;1.084555611014366150e-01
-2.787144482135772705e-01;-3.536022454500198364e-02;6.372195482254028320e-02
-2.529966831207275391e-01;8.933142423629760742e-01;1.302920877933502197e-01
5.473027378320693970e-02;-2.546751201152801514e-01;-2.865214832127094269e-02
3.188101649284362793e-01;-5.080572962760925293e-01;1.182830482721328735e-01
1.677449345588684082e-01;5.536446571350097656e-01;1.120214536786079407e-01
2.769913673400878906e-01;-1.615953296422958374e-01;-3.624641895294189453e-01
3.305487930774688721e-01;-6.543121337890625000e-01;6.123553961515426636e-02
-4.072895273566246033e-03;6.505558732897043228e-03;1.186078935861587524e-01
-2.545535862445831299e-01;-7.285506725311279297e-01;1.266136467456817627e-01
2.819096148014068604e-01;-8.937839269638061523e-01;-3.258763849735260010e-01
1.062105521559715271e-01;-2.156630605459213257e-01;-3.939569890499114990e-01
-3.229092359542846680e-01;-1.892088502645492554e-01;-6.880098022520542145e-03
2.806758582592010498e-01;7.595019936561584473e-01;7.708265632390975952e-02
-1.938270479440689087e-01;-1.419890224933624268e-01;1.517436951398849487e-01
-2.399266362190246582e-01;-6.861706972122192383e-01;7.848449051380157471e-02
3.349830806255340576e-01;-1.787410676479339600e-01;-1.594132930040359497e-02
3.368943184614181519e-02;5.459784865379333496e-01;1.586705595254898071e-01
3.292730152606964111e-01;8.706192970275878906e-01;1.239752024412155151e-01
2.712627053260803223e-01;4.717264473438262939e-01;1.082918271422386169e-01
-1.129081100225448608e-01;1.385848876088857651e-02;1.220119595527648926e-01
-2.942557334899902344e-01;-2.172138839960098267e-01;1.483231782913208008e-01
-3.080072999000549316e-01;-6.642504930496215820e-01;6.124915555119514465e-02
-1.316939713433384895e-03;-2.546751201152801514e-01;-8.145342767238616943e-02
-2.869439721107482910e-01;8.657532930374145508e-01;1.311272978782653809e-01
-2.399266362190246582e-01;-7.338874340057373047e-01;-2.746370434761047363e-01
-2.233006954193115234e-01;5.024434924125671387e-01;9.300161153078079224e-02
2.135822921991348267e-01;-2.546751201152801514e-01;2.023247331380844116e-01
-1.039289012551307678e-01;8.933142423629760742e-01;1.648120582103729248e-01
-3.360003605484962463e-02;-2.546751201152801514e-01;2.184100896120071411e-01
-2.470880895853042603e-01;7.595019936561584473e-01;7.270290702581405640e-02
1.201141178607940674e-01;-2.546751201152801514e-01;6.975612044334411621e-02
-2.365330010652542114e-01;-5.433506369590759277e-01;-2.577936351299285889e-01
2.136132717132568359e-01;-2.546751201152801514e-01;-3.054927885532379150e-01
-3.025595284998416901e-02;4.903638660907745361e-01;1.562635451555252075e-01
2.624681293964385986e-01;-7.761386036872863770e-01;-3.031690716743469238e-01
-2.261326909065246582e-01;-2.546751201152801514e-01;4.609473422169685364e-02
3.027108013629913330e-01;-5.027841776609420776e-02;9.031573683023452759e-02
2.500088214874267578e-01;-3.256413638591766357e-01;-2.900479733943939209e-01
1.541527956724166870e-01;1.651729643344879150e-01;1.676965057849884033e-01
-2.399266362190246582e-01;-4.640333652496337891e-01;1.036439016461372375e-01
-2.962686419486999512e-01;-3.810129165649414062e-01;1.106649413704872131e-01
-2.962686419486999512e-01;-5.294107198715209961e-01;9.722456336021423340e-02
1.571041494607925415e-01;7.595019936561584473e-01;1.369518041610717773e-01
2.858104705810546875e-01;-9.307918548583984375e-01;1.137195602059364319e-01
-2.913203239440917969e-01;-5.022864341735839844e-01;-3.258763849735260010e-01
-2.024214118719100952e-01;-1.887605041265487671e-01;2.038032412528991699e-01
-1.919429451227188110e-01;-2.546751201152801514e-01;-2.946307659149169922e-01
2.890157997608184814e-01;-8.678764104843139648e-01;7.027163356542587280e-02
2.964248061180114746e-01;-9.298242330551147461e-01;7.027163356542587280e-02
1.217818707227706909e-01;-2.546751201152801514e-01;-5.823880899697542191e-03
-2.962686419486999512e-01;-9.033486843109130859e-01;-2.923261821269989014e-01
2.237071990966796875e-01;-1.536983698606491089e-01;1.652851700782775879e-01
1.693593114614486694e-01;7.231290936470031738e-01;1.135745421051979065e-01
2.853385508060455322e-01;7.595019936561584473e-01;4.358620941638946533e-02
2.919107377529144287e-01;8.463254570960998535e-01;-2.336143888533115387e-02
2.431939393281936646e-01;-3.256413638591766357e-01;-3.030011057853698730e-01
2.877802550792694092e-01;-6.728619933128356934e-01;7.027163356542587280e-02
-1.314252912998199463e-01;4.551495313644409180e-01;1.839681863784790039e-01
-3.466089814901351929e-02;-2.546751201152801514e-01;-2.073195129632949829e-01
-6.339296698570251465e-02;-1.419890224933624268e-01;4.962410777807235718e-02
1.241010576486587524e-01;-1.419890224933624268e-01;-2.029781788587570190e-01
-2.399266362190246582e-01;-3.758201599121093750e-01;1.157278940081596375e-01
-1.589607447385787964e-01;-1.042664870619773865e-01;1.521268934011459351e-01
-2.617873251438140869e-01;5.899018049240112305e-01;5.476049706339836121e-02
-2.552404403686523438e-01;-1.102511882781982422e-01;5.392255634069442749e-02
3.493301570415496826e-01;-2.635714709758758545e-01;1.377392411231994629e-01
-2.400902360677719116e-01;-5.784304738044738770e-01;1.383522599935531616e-01
-2.991143614053726196e-02;6.571367979049682617e-01;1.425824612379074097e-01
3.148317933082580566e-01;-1.585897803306579590e-01;5.036864429712295532e-02
-2.962686419486999512e-01;-7.509608268737792969e-01;-3.186463415622711182e-01
-3.542785942554473877e-01;7.595019936561584473e-01;1.938564144074916840e-02
2.482905089855194092e-01;-8.195908665657043457e-01;-3.132662177085876465e-01
2.653138041496276855e-01;8.933142423629760742e-01;9.408376179635524750e-03
2.471462339162826538e-01;-2.546751201152801514e-01;-1.677104621194303036e-03
-9.741657227277755737e-02;-1.904285103082656860e-01;-3.912973701953887939e-01
-4.615600407123565674e-02;-2.546751201152801514e-01;-3.620550334453582764e-01
8.736259303987026215e-03;8.933142423629760742e-01;1.558664888143539429e-01
2.319481819868087769e-01;-2.597456872463226318e-01;-2.662092745304107666e-01
9.829065203666687012e-02;7.595019936561584473e-01;2.214751392602920532e-01
-2.658025920391082764e-01;-6.707424521446228027e-01;1.349909007549285889e-01
2.319481819868087769e-01;-3.045622706413269043e-01;9.589628875255584717e-02
-2.577398419380187988e-01;-1.419890224933624268e-01;6.058717891573905945e-02
-1.513047218322753906e-01;8.820751905441284180e-01;6.174217537045478821e-02
-9.395211189985275269e-02;-2.546751201152801514e-01;-1.736753582954406738e-01
-9.716080129146575928e-02;3.286078339442610741e-03;1.366033107042312622e-01
-2.878594398498535156e-01;1.620579957962036133e-01;8.407535403966903687e-02
3.141433000564575195e-01;-5.466277003288269043e-01;-2.577936351299285889e-01
3.812383394688367844e-03;-1.419890224933624268e-01;-1.560368239879608154e-01
1.509296149015426636e-02;-1.419890224933624268e-01;-4.345871880650520325e-02
-2.713039815425872803e-01;-1.541351675987243652e-01;1.166222244501113892e-01
-2.281880229711532593e-01;-6.423118114471435547e-01;-3.142600953578948975e-01
-2.882941067218780518e-01;-2.546751201152801514e-01;-1.509172320365905762e-01
8.735521137714385986e-02;-2.546751201152801514e-01;-2.426548004150390625e-01
-3.267886638641357422e-01;-2.238182574510574341e-01;-3.107220232486724854e-01
-6.038599461317062378e-02;-1.419890224933624268e-01;-1.384096890687942505e-01
4.989933967590332031e-02;-2.546751201152801514e-01;-2.955977916717529297e-01
-4.202180355787277222e-02;-2.546751201152801514e-01;-9.627937525510787964e-02
-2.399266362190246582e-01;-5.353005528450012207e-01;-2.799648940563201904e-01
-2.252878695726394653e-01;1.917324960231781006e-01;7.419825345277786255e-02
-2.531550824642181396e-01;-6.432412266731262207e-01;-2.577936351299285889e-01
2.426747381687164307e-01;-2.546751201152801514e-01;1.679328531026840210e-01
-2.966215908527374268e-01;-8.010627627372741699e-01;-3.170734643936157227e-01
-1.138151437044143677e-01;6.511469483375549316e-01;1.819621324539184570e-01
1.274102181196212769e-01;3.161839842796325684e-01;1.088315695524215698e-01
-2.872924804687500000e-01;4.366267025470733643e-01;7.982940226793289185e-02
-1.122856065630912781e-01;-2.546751201152801514e-01;-6.883006077259778976e-03
1.480429247021675110e-02;-7.112584263086318970e-02;1.806114166975021362e-01
-3.003037869930267334e-01;-8.403905034065246582e-01;-3.413842916488647461e-01
-2.718944847583770752e-01;1.462174355983734131e-01;5.841758847236633301e-02
-2.425436526536941528e-01;-5.110331177711486816e-01;-3.258763849735260010e-01
2.654285430908203125e-01;-1.419890224933624268e-01;5.417545791715383530e-03
3.188101649284362793e-01;-6.953073740005493164e-01;-3.237910866737365723e-01
-2.302601039409637451e-01;5.002796053886413574e-01;6.594258546829223633e-02
2.980053797364234924e-02;-1.419890224933624268e-01;-2.153074890375137329e-01
2.799704968929290771e-01;-3.829554319381713867e-01;1.266136467456817627e-01
-2.746097743511199951e-01;-6.662101149559020996e-01;-2.577936351299285889e-01
-9.677738696336746216e-02;4.501526653766632080e-01;1.660434156656265259e-01
-3.080072999000549316e-01;-6.214798092842102051e-01;-3.202182948589324951e-01
-2.626416645944118500e-02;5.289328098297119141e-01;1.675322353839874268e-01
-1.735056191682815552e-01;-2.546751201152801514e-01;-2.519304156303405762e-01
-9.374870359897613525e-02;-2.546751201152801514e-01;-2.793509960174560547e-01
-2.768954336643218994e-01;-2.546751201152801514e-01;-2.948010861873626709e-01
-1.134376078844070435e-01;-1.419890224933624268e-01;1.230292543768882751e-01
1.714800000190734863e-01;-1.198695451021194458e-01;1.556892693042755127e-01
-2.275537550449371338e-01;2.189222276210784912e-01;1.041034981608390808e-01
1.531628668308258057e-01;7.230100631713867188e-01;1.678825765848159790e-01
2.496562600135803223e-01;5.762161016464233398e-01;5.326150730252265930e-02
-2.732776403427124023e-01;4.570659101009368896e-01;5.947487801313400269e-02
-1.535636484622955322e-01;-8.901749737560749054e-03;1.695845872163772583e-01
-2.378882169723510742e-01;5.600387454032897949e-01;1.144555509090423584e-01
-3.267886638641357422e-01;-2.411518543958663940e-01;-3.751658275723457336e-02
2.896372377872467041e-01;6.642544865608215332e-01;4.713939130306243896e-02
-1.442462652921676636e-01;-2.546751201152801514e-01;-7.744092494249343872e-02
-2.334593087434768677e-01;5.752812623977661133e-01;6.250897049903869629e-02
-3.080072999000549316e-01;-6.453316211700439453e-01;-3.277649581432342529e-01
3.254598379135131836e-01;-5.901619195938110352e-01;5.853302031755447388e-02
1.898666173219680786e-01;8.232166171073913574e-01;5.931434407830238342e-02
1.275600641965866089e-01;-1.419890224933624268e-01;-2.693485617637634277e-01
1.864440366625785828e-02;4.035570621490478516e-01;1.224755942821502686e-01
-1.322543015703558922e-03;2.713556885719299316e-01;1.831412464380264282e-01
1.629802435636520386e-01;4.427582025527954102e-01;1.083528175950050354e-01
-1.651252210140228271e-01;-2.546751201152801514e-01;2.007692307233810425e-01
-2.836031913757324219e-01;4.366002082824707031e-01;7.007128000259399414e-02
2.988907396793365479e-01;7.357321679592132568e-02;9.613985568284988403e-02
-2.530391812324523926e-01;-3.256413638591766357e-01;-3.440228998661041260e-01
-2.049478441476821899e-01;-1.419890224933624268e-01;-2.009268291294574738e-02
-2.571617662906646729e-01;-2.546751201152801514e-01;-2.865233421325683594e-01
-2.918037474155426025e-01;-2.546751201152801514e-01;-1.800969839096069336e-01
2.454849034547805786e-01;6.984782814979553223e-01;5.867696553468704224e-02
2.624681293964385986e-01;-8.645930290222167969e-01;8.529835939407348633e-02
-2.671280205249786377e-01;-1.419890224933624268e-01;6.966926157474517822e-02
2.591919600963592529e-01;2.621913850307464600e-01;4.636439308524131775e-02
2.752148807048797607e-01;6.010231375694274902e-01;4.307033866643905640e-02
-1.162959337234497070e-01;5.263398885726928711e-01;1.206020042300224304e-01
-1.563734412193298340e-01;-2.546751201152801514e-01;9.271463006734848022e-02
-3.267886638641357422e-01;-2.007748484611511230e-01;-3.385936468839645386e-02
-2.890733182430267334e-01;-4.718985557556152344e-01;-2.695322632789611816e-01
-2.583353221416473389e-01;-5.613816380500793457e-01;-2.577936351299285889e-01
-2.852447032928466797e-01;6.072235703468322754e-01;9.975530952215194702e-02
1.106919273734092712e-01;-2.546751201152801514e-01;-1.204112358391284943e-02
-3.547139465808868408e-03;8.776906132698059082e-01;1.051422730088233948e-01
-2.962686419486999512e-01;-3.700913488864898682e-01;1.072462350130081177e-01
7.231535017490386963e-02;-2.546751201152801514e-01;3.884913772344589233e-02
2.975418865680694580e-01;-3.003201186656951904e-01;3.975164890289306641e-02
1.489259749650955200e-01;-1.419890224933624268e-01;-1.737536340951919556e-01
3.063441812992095947e-01;3.069493770599365234e-01;7.588850706815719604e-02
-3.267886638641357422e-01;-2.438666522502899170e-01;-3.484043776988983154e-01
-1.994147896766662598e-02;5.681689456105232239e-02;1.750170439481735229e-01
1.383335888385772705e-02;1.168601885437965393e-01;1.203738451004028320e-01
3.063356280326843262e-01;6.561244726181030273e-01;7.595255970954895020e-02
-1.127194687724113464e-01;6.724340319633483887e-01;1.815104931592941284e-01
-2.444971650838851929e-01;6.614339351654052734e-01;1.175573617219924927e-01
2.520295381546020508e-01;7.136564254760742188e-01;5.110624805092811584e-02
1.108905524015426636e-01;-1.419890224933624268e-01;1.105169206857681274e-02
-3.511933684349060059e-01;8.057622313499450684e-01;-1.699689589440822601e-02
2.881830334663391113e-01;2.288584709167480469e-01;1.049049794673919678e-01
2.397334761917591095e-02;-5.617890879511833191e-02;1.265786886215209961e-01
-2.281880229711532593e-01;-5.568322539329528809e-01;9.068376570940017700e-02
2.319481819868087769e-01;-3.004680573940277100e-01;4.508192092180252075e-02
-1.570281684398651123e-01;-2.197729796171188354e-01;2.288645952939987183e-01
-8.027300238609313965e-02;-2.546751201152801514e-01;-6.787474453449249268e-02
-1.444499753415584564e-02;-1.419890224933624268e-01;-8.789351582527160645e-02
1.021746173501014709e-01;-1.419890224933624268e-01;1.494425535202026367e-01
3.493301570415496826e-01;-1.978810578584671021e-01;1.138703376054763794e-01
-1.122275292873382568e-01;1.172918230295181274e-01;1.813077181577682495e-01
-7.489633862860500813e-04;6.906731128692626953e-01;1.181765049695968628e-01
-2.199328690767288208e-01;7.595019936561584473e-01;9.831863641738891602e-02
-2.271127402782440186e-01;2.972076833248138428e-01;7.005963474512100220e-02
-1.040719151496887207e-01;5.432485938072204590e-01;1.276668757200241089e-01
-2.399266362190246582e-01;-4.512828886508941650e-01;-2.892546951770782471e-01
6.036033481359481812e-02;-2.546751201152801514e-01;-5.094292387366294861e-02
1.614050716161727905e-01;6.696431636810302734e-01;1.073448732495307922e-01
-1.706532835960388184e-01;-1.419890224933624268e-01;-1.031693369150161743e-01
-3.267886638641357422e-01;-2.394111752510070801e-01;-2.055841237306594849e-01
2.413096427917480469e-01;-2.637407779693603516e-01;1.571336388587951660e-01
2.829843461513519287e-01;-9.006030559539794922e-01;7.027163356542587280e-02
2.547808587551116943e-01;-1.775250732898712158e-01;1.743215620517730713e-01
-2.278951257467269897e-01;-8.145278096199035645e-01;-2.656111121177673340e-01
-2.758901417255401611e-01;-3.667669594287872314e-01;7.027163356542587280e-02
1.132183149456977844e-01;6.852895021438598633e-01;1.404703706502914429e-01
3.460341691970825195e-01;-1.897921413183212280e-01;-1.128853335976600647e-01
-2.499842345714569092e-01;7.226099371910095215e-01;1.189465597271919250e-01
-2.283573299646377563e-01;2.293874323368072510e-01;6.843159347772598267e-02
-3.005717694759368896e-01;-1.668723225593566895e-01;-2.287806421518325806e-01
-1.584077775478363037e-01;3.478921055793762207e-01;1.472204476594924927e-01
2.876912653446197510e-01;-2.546751201152801514e-01;-2.683453559875488281e-01
-8.003276586532592773e-02;-2.292548418045043945e-01;-3.939569890499114990e-01
3.058218359947204590e-01;4.209278523921966553e-01;7.163135707378387451e-02
3.086138665676116943e-01;-3.415707647800445557e-01;7.027163356542587280e-02
-1.582493819296360016e-02;-1.054493114352226257e-01;1.781866252422332764e-01
3.058737516403198242e-01;2.671610713005065918e-01;7.203117012977600098e-02
2.857645787298679352e-02;-1.419890224933624268e-01;-1.436719000339508057e-01
2.674483358860015869e-01;-2.546751201152801514e-01;-2.594816386699676514e-01
-2.399266362190246582e-01;-7.168740630149841309e-01;-3.108308017253875732e-01
3.305487930774688721e-01;-5.452952384948730469e-01;-3.355734050273895264e-01
-2.498112022876739502e-01;-1.419890224933624268e-01;-1.022099480032920837e-01
-3.074848055839538574e-01;-1.793266981840133667e-01;1.182658821344375610e-01
1.002960652112960815e-01;-2.546751201152801514e-01;-1.265019625425338745e-01
2.270586043596267700e-01;-1.419890224933624268e-01;2.003440447151660919e-02
3.149960935115814209e-01;-2.546751201152801514e-01;-2.366973012685775757e-01
2.880033664405345917e-02;-2.546751201152801514e-01;1.239598169922828674e-01
3.351175785064697266e-01;-2.546751201152801514e-01;-1.880289763212203979e-01
2.536744475364685059e-01;8.933142423629760742e-01;1.626912504434585571e-01
-2.714192867279052734e-01;-2.546751201152801514e-01;-3.895642161369323730e-01
-1.002260670065879822e-01;3.949949145317077637e-02;1.715499162673950195e-01
-3.008802235126495361e-01;-2.546751201152801514e-01;-3.375299870967864990e-01
1.141624152660369873e-01;2.572381198406219482e-01;1.265090703964233398e-01
3.188101649284362793e-01;-3.746379315853118896e-01;9.400682896375656128e-02
-1.034011766314506531e-01;5.990102291107177734e-01;1.754287034273147583e-01
-3.084911406040191650e-01;-3.256413638591766357e-01;-3.231399655342102051e-01
3.065168857574462891e-01;-1.502748727798461914e-01;-1.212543621659278870e-01
-2.049580812454223633e-01;-2.546751201152801514e-01;-2.514686286449432373e-01
-2.213878184556961060e-01;-2.546751201152801514e-01;1.395513415336608887e-01
-6.248408928513526917e-02;-1.419890224933624268e-01;4.455679655075073242e-02
-3.187937438488006592e-01;-1.850935369729995728e-01;8.782822638750076294e-02
3.307453393936157227e-01;-2.546751201152801514e-01;-2.006797939538955688e-01
-3.183917999267578125e-01;-1.846916228532791138e-01;7.145483791828155518e-02
2.970208823680877686e-01;-6.387692093849182129e-01;-2.577936351299285889e-01
6.099272053688764572e-03;4.021310806274414062e-01;1.183828711509704590e-01
-3.489326238632202148e-01;8.269315958023071289e-01;-1.910213381052017212e-02
-2.300300002098083496e-01;4.201418161392211914e-01;1.073182672262191772e-01
-2.307259142398834229e-01;-8.470940589904785156e-01;5.683593079447746277e-02
-1.579473167657852173e-02;-2.546751201152801514e-01;1.872081160545349121e-01
8.100024610757827759e-02;-2.546751201152801514e-01;7.258441299200057983e-02
3.102618828415870667e-02;8.393990397453308105e-01;1.055876836180686951e-01
2.487269490957260132e-01;-3.256413638591766357e-01;-3.050332069396972656e-01
-2.281880229711532593e-01;-6.208378672599792480e-01;-2.767011821269989014e-01
-2.523560822010040283e-01;5.630794167518615723e-01;5.430779978632926941e-02
2.709117718040943146e-02;-1.419890224933624268e-01;-6.887044291943311691e-04
-1.426418721675872803e-01;5.634694695472717285e-01;1.802208870649337769e-01
-3.335275352001190186e-01;8.804213404655456543e-01;8.995638042688369751e-02
2.372435182332992554e-01;-2.546751201152801514e-01;-1.237826347351074219e-01
-1.257849335670471191e-01;-2.255356460809707642e-01;-3.939569890499114990e-01
-3.548142686486244202e-02;-2.546751201152801514e-01;5.709948018193244934e-02
-3.057630732655525208e-02;-5.263542756438255310e-02;1.537957787513732910e-01
1.323544532060623169e-01;7.784635424613952637e-01;2.272700518369674683e-01
-2.476569265127182007e-01;-1.419890224933624268e-01;7.647799700498580933e-02
-2.553570568561553955e-01;8.297226428985595703e-01;-2.131285518407821655e-02
-2.770422697067260742e-01;-7.155213952064514160e-01;1.266136467456817627e-01
3.267960250377655029e-01;-2.546751201152801514e-01;1.080356165766716003e-01
2.435308545827865601e-01;-7.910370826721191406e-02;8.853289484977722168e-02
-2.361479997634887695e-01;-2.546751201152801514e-01;-1.877682358026504517e-01
2.763837948441505432e-02;7.595019936561584473e-01;1.426529139280319214e-01
1.786074340343475342e-01;-1.976669877767562866e-01;2.291930764913558960e-01
-5.933584272861480713e-02;-2.427470982074737549e-01;-3.939569890499114990e-01
-2.898592352867126465e-01;-2.546751201152801514e-01;-3.170838057994842529e-01
-2.643089890480041504e-01;-1.419890224933624268e-01;8.203330636024475098e-02
8.230612426996231079e-02;7.948843836784362793e-01;9.946167469024658203e-02
9.720899164676666260e-02;-1.625771075487136841e-01;-3.634459674358367920e-01
1.628050357103347778e-01;8.484668731689453125e-01;2.180941551923751831e-01
-3.115859031677246094e-01;-1.778860241174697876e-01;2.744815312325954437e-02
-1.843982487916946411e-01;-1.419890224933624268e-01;-1.500602662563323975e-01
2.427950501441955566e-01;-2.546751201152801514e-01;8.353184908628463745e-02
3.047111034393310547e-01;-8.176681995391845703e-01;5.690335109829902649e-02
-1.548369526863098145e-01;3.137647509574890137e-01;1.676956564188003540e-01
-1.489105969667434692e-01;3.007397055625915527e-01;1.281863152980804443e-01
6.208622828125953674e-02;-1.419890224933624268e-01;1.661339998245239258e-01
-6.132512539625167847e-02;-2.546751201152801514e-01;-3.298456966876983643e-02
-1.626517027616500854e-01;-2.546751201152801514e-01;-1.717822402715682983e-01
1.210769563913345337e-01;-2.546751201152801514e-01;7.222257554531097412e-03
2.513880431652069092e-01;-6.690582633018493652e-01;-3.376128971576690674e-01
-3.030352294445037842e-01;-3.235880136489868164e-01;-3.563942611217498779e-01
-1.062522009015083313e-01;3.636699318885803223e-01;1.259876191616058350e-01
2.779052257537841797e-01;5.486640930175781250e-01;4.342966526746749878e-02
-2.346924692392349243e-01;5.988094955682754517e-02;1.120124906301498413e-01
-3.267886638641357422e-01;-1.982294917106628418e-01;-6.864897906780242920e-02
1.285398006439208984e-01;-1.309887021780014038e-01;1.079683005809783936e-01
2.513283491134643555e-01;-1.419890224933624268e-01;2.027834020555019379e-02
-1.141788363456726074e-01;6.066244244575500488e-01;1.821120530366897583e-01
-2.020508050918579102e-01;8.933142423629760742e-01;5.265997350215911865e-02
1.705902963876724243e-01;-1.041427999734878540e-01;1.151842996478080750e-01
-2.094066441059112549e-01;-2.672488689422607422e-01;7.375873625278472900e-02
-1.840408146381378174e-01;-1.419890224933624268e-01;5.155602935701608658e-03
3.188101649284362793e-01;-3.562650084495544434e-01;-2.792440950870513916e-01
2.319481819868087769e-01;-2.620653808116912842e-01;-3.140975534915924072e-01
-1.850506812334060669e-01;8.537484407424926758e-01;3.952221572399139404e-02
-2.559902071952819824e-01;6.430715322494506836e-01;1.195720508694648743e-01
-2.599317431449890137e-01;-2.546751201152801514e-01;-3.849646151065826416e-01
2.522460520267486572e-01;-1.419890224933624268e-01;9.387413412332534790e-02
7.922788709402084351e-02;-2.546751201152801514e-01;1.452106889337301254e-02
-9.309078007936477661e-02;-1.419890224933624268e-01;-3.220198452472686768e-01
1.214203909039497375e-01;-9.973164647817611694e-02;1.581735759973526001e-01
8.243390172719955444e-02;8.268748521804809570e-01;9.943612664937973022e-02
-2.580814063549041748e-01;3.181702494621276855e-01;5.427940934896469116e-02
-2.649336159229278564e-01;-1.419890224933624268e-01;-8.046662062406539917e-02
2.408336251974105835e-01;5.840698480606079102e-01;7.725559175014495850e-02
1.646173745393753052e-01;-6.319732964038848877e-02;1.096133515238761902e-01
1.657481491565704346e-01;6.148964539170265198e-02;1.104840114712715149e-01
-2.534343004226684570e-01;-2.546751201152801514e-01;-1.099540442228317261e-01
-2.822932302951812744e-01;-6.963748931884765625e-01;1.266136467456817627e-01
1.147594675421714783e-01;2.185681313276290894e-01;1.469483971595764160e-01
-1.284765601158142090e-01;-2.258859276771545410e-01;-3.939569890499114990e-01
2.704590559005737305e-01;-9.307918548583984375e-01;1.153678074479103088e-01
1.407942771911621094e-01;1.464935690164566040e-01;1.037718057632446289e-01
-2.675492465496063232e-01;-7.296272367238998413e-02;1.169994324445724487e-01
2.624681293964385986e-01;-3.718569576740264893e-01;1.140631586313247681e-01
3.026882708072662354e-01;4.977112114429473877e-01;6.103824451565742493e-02
-3.012316823005676270e-01;8.903396725654602051e-01;1.184996441006660461e-01
2.806034982204437256e-01;-8.838039636611938477e-01;7.027163356542587280e-02
-1.644609272480010986e-01;-1.419890224933624268e-01;-1.723268628120422363e-01
-1.464626938104629517e-01;2.527953982353210449e-01;1.263157129287719727e-01
2.009221166372299194e-01;-1.419890224933624268e-01;1.625064611434936523e-01
-1.438062824308872223e-02;-1.480250358581542969e-01;2.135777324438095093e-01
-1.843427270650863647e-01;-2.252754718065261841e-01;2.176050245761871338e-01
-2.840409576892852783e-01;-4.012654721736907959e-01;-3.258763849735260010e-01
1.305536180734634399e-01;4.461371153593063354e-02;1.650929301977157593e-01
3.110914826393127441e-01;-7.571312785148620605e-01;-3.258763849735260010e-01
2.057310938835144043e-01;-1.603076308965682983e-01;1.815828830003738403e-01
3.426676988601684570e-01;-2.547465264797210693e-01;-3.563942611217498779e-01
-2.003176212310791016e-01;8.382968902587890625e-01;2.732865698635578156e-02
-1.501546502113342285e-01;-2.546751201152801514e-01;-1.697286963462829590e-01
-3.609063327312469482e-01;8.933142423629760742e-01;2.600879222154617310e-02
-6.280948221683502197e-02;8.353285789489746094e-01;2.343319803476333618e-01
-2.512027621269226074e-01;-4.226934537291526794e-02;5.446183681488037109e-02
-4.113730415701866150e-02;-2.546751201152801514e-01;-1.635736674070358276e-01
1.330232173204421997e-01;-2.546751201152801514e-01;-2.968148887157440186e-01
-1.530767083168029785e-01;6.360044479370117188e-01;1.333665996789932251e-01
1.666606068611145020e-01;-1.419890224933624268e-01;7.804810255765914917e-02
1.411060690879821777e-01;1.851331144571304321e-01;1.683080047369003296e-01
-3.065062165260314941e-01;-6.707424521446228027e-01;7.927063852548599243e-02
-1.383213102817535400e-01;7.595019936561584473e-01;1.422581523656845093e-01
-2.469274997711181641e-01;-3.772873580455780029e-01;-2.695322632789611816e-01
3.082297742366790771e-01;-6.528567075729370117e-01;1.383522599935531616e-01
-2.370399087667465210e-01;-6.707424521446228027e-01;7.101268321275711060e-02
2.731085419654846191e-01;7.687305212020874023e-01;-6.743395701050758362e-03
1.291390508413314819e-01;-1.419890224933624268e-01;-1.800173819065093994e-01
2.630196809768676758e-01;-2.546751201152801514e-01;-1.271670758724212646e-01
1.233930736780166626e-01;-2.546751201152801514e-01;1.593821346759796143e-01
-2.874312102794647217e-01;-1.537323147058486938e-01;-2.506303489208221436e-01
-3.267886638641357422e-01;-2.028957307338714600e-01;-5.918961763381958008e-02
2.856103479862213135e-01;2.143210917711257935e-01;4.546346142888069153e-02
-2.328496128320693970e-01;3.731653392314910889e-01;6.297840923070907593e-02
-2.892055511474609375e-01;7.595019936561584473e-01;-2.482634223997592926e-02
2.229475528001785278e-01;7.595019936561584473e-01;9.852027148008346558e-02
-2.415643185377120972e-01;8.933142423629760742e-01;8.924116194248199463e-02
1.495043635368347168e-01;2.755111753940582275e-01;1.036800444126129150e-01
-3.125452399253845215e-01;-8.305052518844604492e-01;1.308848857879638672e-01
2.892082929611206055e-01;-2.546751201152801514e-01;-2.888573706150054932e-01
-1.882312260568141937e-02;-1.419890224933624268e-01;2.755521051585674286e-02
8.067962527275085449e-02;8.717338442802429199e-01;2.376057356595993042e-01
2.440262883901596069e-01;3.824329376220703125e-02;8.973478525876998901e-02
-2.701467089354991913e-02;8.933142423629760742e-01;1.770993173122406006e-01
-3.187257647514343262e-01;-2.546751201152801514e-01;8.268465846776962280e-02
2.507295310497283936e-01;-5.713948011398315430e-01;-2.816161811351776123e-01
3.188101649284362793e-01;-6.934719085693359375e-01;-2.902084589004516602e-01
-5.767558235675096512e-03;5.440353751182556152e-01;1.825475543737411499e-01
1.150341928005218506e-01;-2.546751201152801514e-01;-1.292122155427932739e-01
6.841436773538589478e-02;-2.546751201152801514e-01;1.482090204954147339e-01
1.472559124231338501e-01;2.487700879573822021e-01;1.686508357524871826e-01
-1.454763859510421753e-02;2.545877359807491302e-02;1.791500002145767212e-01
-1.887945085763931274e-01;-1.547712683677673340e-01;-3.556401431560516357e-01
2.624681293964385986e-01;-3.440156877040863037e-01;-3.035197257995605469e-01
-2.703084349632263184e-01;5.051833391189575195e-01;1.158511042594909668e-01
5.393814295530319214e-02;8.481056094169616699e-01;1.040776297450065613e-01
1.560138612985610962e-01;2.144059687852859497e-01;1.669293493032455444e-01
-2.706013321876525879e-01;-1.419890224933624268e-01;-1.093260794878005981e-01
1.146886721253395081e-01;3.298586010932922363e-01;1.252449303865432739e-01
-2.417161166667938232e-01;4.773695170879364014e-01;5.716102942824363708e-02
-3.095297515392303467e-01;-2.854797542095184326e-01;-3.563942611217498779e-01
3.247601389884948730e-01;-2.546751201152801514e-01;1.411745548248291016e-01
-2.876175940036773682e-01;-1.539186835289001465e-01;-2.308751195669174194e-01
-1.046491414308547974e-02;-2.546751201152801514e-01;9.232695400714874268e-02
1.169210150837898254e-01;7.056221961975097656e-01;1.198824942111968994e-01
3.188101649284362793e-01;-7.476180791854858398e-01;1.074277833104133606e-01
-4.256033524870872498e-02;-1.419890224933624268e-01;4.773440584540367126e-02
1.760210394859313965e-01;9.771645814180374146e-02;1.245569139719009399e-01
3.034301400184631348e-01;-5.395030379295349121e-01;1.383522599935531616e-01
3.305487930774688721e-01;-6.375014781951904297e-01;1.236845701932907104e-01
-3.080072999000549316e-01;-6.146536469459533691e-01;-2.705265283584594727e-01
2.935066819190979004e-01;-4.844273328781127930e-01;7.027163356542587280e-02
-2.281880229711532593e-01;-5.827827453613281250e-01;9.470560401678085327e-02
-1.544044762849807739e-01;6.165831685066223145e-01;1.350910663604736328e-01
-2.608155906200408936e-01;7.595019936561584473e-01;1.197663098573684692e-01
-3.267886638641357422e-01;-3.032647371292114258e-01;6.110939010977745056e-02
-2.326091378927230835e-01;-3.256413638591766357e-01;5.763454735279083252e-02
2.795133888721466064e-01;-3.153968751430511475e-01;-2.390122711658477783e-01
-3.047287091612815857e-02;2.134727984666824341e-01;1.467859745025634766e-01
-9.632083773612976074e-02;1.750073134899139404e-01;1.386423110961914062e-01
1.605518907308578491e-01;-1.419890224933624268e-01;5.030646920204162598e-02
2.624681293964385986e-01;-4.162335395812988281e-01;-3.101370036602020264e-01
1.683731377124786377e-01;-1.566003262996673584e-01;1.941308230161666870e-01
4.174736514687538147e-02;8.931673765182495117e-01;1.048810854554176331e-01
-2.978343889117240906e-02;8.140934109687805176e-01;1.031178385019302368e-01
-1.106127351522445679e-01;6.919208765029907227e-01;1.806420683860778809e-01
-2.399266362190246582e-01;-8.977647423744201660e-01;7.758186757564544678e-02
-2.761914134025573730e-01;8.035422116518020630e-02;6.170215830206871033e-02
2.624681293964385986e-01;-4.267166852951049805e-01;9.044662117958068848e-02
-1.569975763559341431e-01;2.157053649425506592e-01;1.411267817020416260e-01
-3.041997253894805908e-01;-1.705001592636108398e-01;-3.391375541687011719e-01
2.052636295557022095e-01;-2.546751201152801514e-01;-2.147262394428253174e-01
-1.017828732728958130e-01;-1.447213441133499146e-01;-3.455902338027954102e-01
-2.300917804241180420e-01;-5.679196715354919434e-01;-3.376128971576690674e-01
1.742641627788543701e-01;-1.419890224933624268e-01;1.319552809000015259e-01
2.319481819868087769e-01;-3.036101758480072021e-01;1.447644531726837158e-01
-2.399266362190246582e-01;-7.361524701118469238e-01;-3.122634291648864746e-01
-1.984266936779022217e-02;3.431673645973205566e-01;1.750931292772293091e-01
-2.886573076248168945e-01;-2.546751201152801514e-01;-3.908547461032867432e-01
-3.635230362415313721e-01;7.773552536964416504e-01;6.275463104248046875e-02
-2.094066441059112549e-01;-3.067408204078674316e-01;1.335487663745880127e-01
5.792366340756416321e-02;8.933142423629760742e-01;1.296599656343460083e-01
3.295100331306457520e-01;-5.582928657531738281e-01;5.853302031755447388e-02
-1.579857617616653442e-01;1.236317828297615051e-01;1.596373915672302246e-01
-9.191602468490600586e-02;8.810314536094665527e-01;2.285104542970657349e-01
-2.393739819526672363e-01;-1.419890224933624268e-01;-1.460131257772445679e-01
1.940699853003025055e-02;-1.419890224933624268e-01;4.172935336828231812e-02
8.467262610793113708e-03;7.595019936561584473e-01;1.406565755605697632e-01
2.896944880485534668e-01;5.347521901130676270e-01;1.042819395661354065e-01
2.669292092323303223e-01;-6.282273530960083008e-01;1.383522599935531616e-01
1.708786785602569580e-01;2.682597339153289795e-01;1.564702391624450684e-01
-1.456391364336013794e-01;-1.419890224933624268e-01;-9.319380670785903931e-02
2.439000606536865234e-01;3.246027529239654541e-01;8.942858874797821045e-02
1.909348927438259125e-02;-1.926973015069961548e-01;-3.935661613941192627e-01
2.693383991718292236e-01;5.662602782249450684e-01;4.339500144124031067e-02
1.501501053571701050e-01;8.933142423629760742e-01;2.170788049697875977e-01
3.188101649284362793e-01;-6.883121132850646973e-01;1.147103309631347656e-01
1.514035463333129883e-01;4.319554865360260010e-01;1.681113988161087036e-01
1.120124757289886475e-01;-1.419890224933624268e-01;1.683790087699890137e-01
3.332508206367492676e-01;-2.896866202354431152e-01;1.571336388587951660e-01
-7.424250990152359009e-02;-1.419890224933624268e-01;-4.715579748153686523e-02
-5.662754550576210022e-02;-1.419890224933624268e-01;-2.675165981054306030e-02
3.325867280364036560e-02;5.244292020797729492e-01;1.413133293390274048e-01
1.340625435113906860e-02;-3.349988162517547607e-02;1.201960518956184387e-01
2.521910965442657471e-01;-1.419890224933624268e-01;9.262847155332565308e-02
-1.562481671571731567e-01;-1.419890224933624268e-01;-6.901673972606658936e-02
-2.761645317077636719e-01;-6.856420636177062988e-01;-2.695322632789611816e-01
3.188101649284362793e-01;-7.091215252876281738e-01;-2.930428683757781982e-01
-2.235606610774993896e-01;-8.316044807434082031e-01;-3.291209340095520020e-01
-9.513849765062332153e-02;-2.546751201152801514e-01;-7.907453179359436035e-02
1.566061079502105713e-01;4.563270211219787598e-01;1.666852086782455444e-01
2.624681293964385986e-01;-7.228975296020507812e-01;7.198015600442886353e-02
9.465561807155609131e-02;-1.492765247821807861e-01;-3.501453697681427002e-01
-2.945986017584800720e-02;1.394275128841400146e-01;1.411906182765960693e-01
2.595874071121215820e-01;-1.643415540456771851e-01;1.551987975835800171e-01
-3.072778284549713135e-01;7.595019936561584473e-01;-3.198373317718505859e-02
2.290745526552200317e-01;-1.419890224933624268e-01;-1.672489792108535767e-01
2.640679180622100830e-01;-6.216331720352172852e-01;1.383522599935531616e-01
1.216877102851867676e-01;-2.546751201152801514e-01;7.103111594915390015e-02
-1.288846284151077271e-01;7.737991213798522949e-01;2.179863005876541138e-01
5.305134505033493042e-02;-1.419890224933624268e-01;-1.242433413863182068e-01
1.802259087562561035e-01;-2.446342110633850098e-01;-3.939569890499114990e-01
-3.666699528694152832e-01;8.113212585449218750e-01;1.016328297555446625e-02
3.313012719154357910e-01;7.823478579521179199e-01;-4.292297363281250000e-02
-2.805899679660797119e-01;-2.546751201152801514e-01;-3.301288783550262451e-01
3.873029351234436035e-01;8.933142423629760742e-01;6.183773279190063477e-02
-1.121553331613540649e-01;-2.546751201152801514e-01;1.509638577699661255e-01
2.624681293964385986e-01;-8.941234946250915527e-01;1.192625388503074646e-01
-2.288725525140762329e-01;-6.524454355239868164e-01;-3.376128971576690674e-01
1.699281930923461914e-01;-1.419890224933624268e-01;-1.451285630464553833e-01
-2.637269496917724609e-01;7.595019936561584473e-01;3.233132883906364441e-02
2.569789588451385498e-01;2.133770287036895752e-01;1.041245535016059875e-01
-2.346564382314682007e-01;-1.419890224933624268e-01;1.192997843027114868e-01
3.641259372234344482e-01;8.933142423629760742e-01;4.958160221576690674e-02
2.496339380741119385e-01;7.283664941787719727e-01;5.329049006104469299e-02
3.493301570415496826e-01;-2.106266617774963379e-01;3.007749095559120178e-02
-2.793504595756530762e-01;1.421766579151153564e-01;1.090351566672325134e-01
1.131732165813446045e-01;3.283706903457641602e-01;1.401229053735733032e-01
9.387273341417312622e-02;8.933142423629760742e-01;2.102268338203430176e-01
3.063338994979858398e-01;-4.042793214321136475e-01;1.266136467456817627e-01
-2.841333448886871338e-01;5.488175153732299805e-01;7.115092128515243530e-02
-2.361942082643508911e-01;4.033436998724937439e-02;1.131605282425880432e-01
3.073683977127075195e-01;-8.541843295097351074e-01;-3.355375826358795166e-01
1.980934739112854004e-01;-2.546751201152801514e-01;-1.722144186496734619e-01
1.939669251441955566e-02;-7.124464213848114014e-02;1.230548247694969177e-01
2.589112520217895508e-01;-8.037258386611938477e-01;-2.964743375778198242e-01
3.059813082218170166e-01;6.854283809661865234e-01;7.860536873340606689e-02
-2.472881078720092773e-01;-2.546751201152801514e-01;1.402100622653961182e-01
-1.577641665935516357e-01;8.383046388626098633e-01;5.787876248359680176e-02
-3.267886638641357422e-01;-2.477336376905441284e-01;-3.105644881725311279e-01
2.444544136524200439e-01;-1.329296380281448364e-01;9.077335894107818604e-02
-2.734431028366088867e-01;8.283951878547668457e-01;-3.729772195219993591e-02
-2.955707907676696777e-01;-4.072377681732177734e-01;1.266136467456817627e-01
-1.076880991458892822e-01;8.565125614404678345e-02;1.787059307098388672e-01
-2.523269057273864746e-01;7.451403737068176270e-01;5.431169643998146057e-02
-1.513826847076416016e-01;-1.155596226453781128e-01;1.311664879322052002e-01
1.304430188611149788e-03;4.942565262317657471e-01;1.834921091794967651e-01
2.901833653450012207e-01;-6.992432475090026855e-01;1.266136467456817627e-01
-1.295632272958755493e-01;-2.546751201152801514e-01;8.956661820411682129e-02
-2.446652352809906006e-01;-1.419890224933624268e-01;-1.485514193773269653e-01
8.137617260217666626e-02;-1.419890224933624268e-01;-1.700476855039596558e-01
2.142603993415832520e-01;-2.546751201152801514e-01;-3.862920701503753662e-01
-2.496724277734756470e-01;-1.419890224933624268e-01;-3.388426499441266060e-03
3.421510159969329834e-01;-3.116856515407562256e-01;-2.390122711658477783e-01
3.493301570415496826e-01;-3.063797652721405029e-01;-3.039318621158599854e-01
-3.267886638641357422e-01;-2.171828001737594604e-01;-1.908100992441177368e-01
-1.568786948919296265e-01;-1.419890224933624268e-01;7.569669187068939209e-02
2.523577511310577393e-01;-8.534679412841796875e-01;9.394037723541259766e-02
2.723544538021087646e-01;-2.986939623951911926e-03;4.300347343087196350e-02
2.813558280467987061e-01;7.600599527359008789e-01;-1.403235644102096558e-02
-3.313007950782775879e-02;-1.836632937192916870e-01;2.480584233999252319e-01
-2.896376550197601318e-01;-4.997587800025939941e-01;-2.695322632789611816e-01
2.150352150201797485e-01;8.933142423629760742e-01;1.438727825880050659e-01
