1.482943147420883179e-01;4.906566441059112549e-01;1.685157716274261475e-01
-3.741154670715332031e-01;-2.762265503406524658e-01;1.792825907468795776e-01
3.832187652587890625e-01;-7.884864807128906250e-01;2.042415440082550049e-01
1.899161785840988159e-01;-1.478277593851089478e-01;-1.142995804548263550e-01
3.610007464885711670e-01;-6.073023676872253418e-01;-4.700147807598114014e-01
-3.820672631263732910e-01;2.807026803493499756e-01;1.708274632692337036e-01
-2.063361369073390961e-02;-1.578125059604644775e-01;-1.508220136165618896e-01
-1.849848181009292603e-01;1.108263507485389709e-01;1.819603443145751953e-01
-7.778001576662063599e-02;3.251818716526031494e-01;1.890564262866973877e-01
-2.175426334142684937e-01;2.925584614276885986e-01;1.884333640336990356e-01
-1.990001499652862549e-01;5.362721681594848633e-01;2.000810205936431885e-01
1.603221893310546875e-01;5.398803949356079102e-01;1.742803454399108887e-01
-3.719021379947662354e-01;-7.848501205444335938e-01;-4.736534655094146729e-01
-3.846829235553741455e-01;-6.111141443252563477e-01;1.942300647497177124e-01
-1.546501666307449341e-01;-1.652691513299942017e-01;1.311404556035995483e-01
-1.706832274794578552e-02;-1.455703973770141602e-01;-3.185797035694122314e-01
-3.664207458496093750e-01;-1.439309716224670410e-01;-2.679319381713867188e-01
3.523397445678710938e-01;-2.630057036876678467e-01;-4.458445608615875244e-01
1.742768734693527222e-01;3.234934508800506592e-01;1.778758317232131958e-01
1.873620897531509399e-01;9.137258678674697876e-02;1.766823381185531616e-01
3.843441307544708252e-01;-5.964171290397644043e-01;1.963881254196166992e-01
3.879124820232391357e-01;-1.429904550313949585e-01;6.757690012454986572e-02
3.645221292972564697e-01;3.982113301753997803e-01;1.889082044363021851e-01
3.771714866161346436e-01;-1.366417557001113892e-01;6.376750767230987549e-02
-3.615245223045349121e-01;-4.562801122665405273e-01;-4.556355178356170654e-01
3.814098238945007324e-01;-2.561633884906768799e-01;1.685266494750976562e-01
-3.740740716457366943e-01;-4.368202388286590576e-01;1.820951700210571289e-01
2.146737650036811829e-02;-1.625867784023284912e-01;-1.419102400541305542e-02
3.780988454818725586e-01;-1.484832763671875000e-01;-1.555140465497970581e-01
3.510107398033142090e-01;-1.350085735321044922e-01;-4.595256447792053223e-01
-1.777326613664627075e-01;-1.585347503423690796e-01;-3.922132775187492371e-02
-3.273140639066696167e-03;5.578165054321289062e-01;2.020967602729797363e-01
-3.522872030735015869e-01;7.325311750173568726e-02;1.743735820055007935e-01
1.686417013406753540e-01;-1.430568695068359375e-01;-2.889353632926940918e-01
-2.025881558656692505e-01;5.128564834594726562e-01;1.942086219787597656e-01
3.693940341472625732e-01;-3.396324440836906433e-02;1.782403737306594849e-01
-1.666529476642608643e-01;-1.423927545547485352e-01;-4.611036181449890137e-01
3.645181357860565186e-01;2.638697028160095215e-01;1.817722767591476440e-01
3.672983869910240173e-02;1.641434133052825928e-01;1.854704022407531738e-01
-3.615728020668029785e-01;-9.651294350624084473e-02;1.769014894962310791e-01
-1.596301645040512085e-01;-1.465070694684982300e-01;-3.028651773929595947e-01
-1.781832054257392883e-02;3.413572609424591064e-01;1.922019273042678833e-01
-3.715632855892181396e-01;-1.390231549739837646e-01;-9.873341023921966553e-02
-3.830514252185821533e-01;-7.890422940254211426e-01;2.092629671096801758e-01
-1.196522638201713562e-02;-9.187915921211242676e-02;1.742770373821258545e-01
3.603208661079406738e-01;5.423631668090820312e-01;2.001046836376190186e-01
-3.644389510154724121e-01;-1.430948972702026367e-01;3.274201229214668274e-02
-3.447708785533905029e-01;-2.799184620380401611e-01;-4.599953591823577881e-01
1.571633964776992798e-01;-1.603217422962188721e-01;1.631692238152027130e-02
-3.424632251262664795e-01;-1.327420473098754883e-01;-4.533115029335021973e-01
-3.640494644641876221e-01;-6.095102429389953613e-01;-4.670645892620086670e-01
3.596707582473754883e-01;-4.486351907253265381e-01;-4.612401127815246582e-01
-2.008298486471176147e-01;-1.508218050003051758e-01;-1.932626962661743164e-01
-3.768850862979888916e-01;4.237116277217864990e-01;1.926926970481872559e-01
-3.617972135543823242e-01;5.275349617004394531e-01;2.013932466506958008e-01
3.586057722568511963e-01;-7.867739796638488770e-01;-4.766372144222259521e-01
3.899394571781158447e-01;-4.223155379295349121e-01;1.862888783216476440e-01
1.920064911246299744e-03;-1.443365663290023804e-01;-4.616760909557342529e-01
-1.652885228395462036e-01;-1.571899652481079102e-01;1.323965787887573242e-01
1.740069240331649780e-01;4.207433462142944336e-01;1.712053865194320679e-01
-1.598948240280151367e-02;-1.005618125200271606e-01;1.674998551607131958e-01
1.509266793727874756e-01;-1.506226360797882080e-01;1.470620781183242798e-01
1.705248802900314331e-01;-1.392637044191360474e-01;-4.590463936328887939e-01
3.527343571186065674e-01;-1.410800665616989136e-01;-2.859913408756256104e-01
