2.164348363876342773e-01;2.311340123414993286e-01;3.549454808235168457e-01
-4.242269098758697510e-01;2.784592211246490479e-01;-3.027129173278808594e-01
-4.463524222373962402e-01;2.784592211246490479e-01;-2.018663734197616577e-01
3.198925852775573730e-01;6.199338436126708984e-01;5.120361447334289551e-01
2.347104847431182861e-01;-5.452184006571769714e-02;-2.603740990161895752e-01
6.019907444715499878e-02;-5.355890840291976929e-02;-5.330701470375061035e-01
4.085181057453155518e-01;-5.510248541831970215e-01;-1.756450533866882324e-01
4.217061400413513184e-02;-8.574745804071426392e-02;-4.488608986139297485e-02
-5.064859390258789062e-01;9.371209889650344849e-02;-4.828920364379882812e-01
2.811669707298278809e-01;-5.038618445396423340e-01;5.798554793000221252e-02
3.970101475715637207e-01;-2.006412595510482788e-01;-2.231863886117935181e-02
4.071002006530761719e-01;-1.094865575432777405e-01;-5.399358868598937988e-01
1.285838484764099121e-01;-1.418082565069198608e-01;1.699025779962539673e-01
-5.693025588989257812e-01;3.088089525699615479e-01;-1.298724263906478882e-01
-2.228357195854187012e-01;-1.984885893762111664e-02;2.535397708415985107e-01
-1.359455734491348267e-01;3.023284375667572021e-01;3.837113380432128906e-01
1.845458596944808960e-01;-7.219237089157104492e-02;-3.060865700244903564e-01
9.114604443311691284e-02;-3.221606835722923279e-02;-4.823051393032073975e-01
4.304796457290649414e-01;-1.236620321869850159e-01;1.131080314517021179e-01
-1.348877549171447754e-01;2.676058411598205566e-01;3.696820735931396484e-01
-4.100205898284912109e-01;-5.799766182899475098e-01;2.802809178829193115e-01
1.148563027381896973e-01;-1.175061315298080444e-01;6.890147179365158081e-02
-4.418778419494628906e-01;-5.343198776245117188e-01;2.856775820255279541e-01
-3.160589635372161865e-01;-4.461374580860137939e-01;8.130428940057754517e-02
4.080308079719543457e-01;-6.241411566734313965e-01;4.478074312210083008e-01
-2.748122513294219971e-01;2.584365606307983398e-01;3.659771680831909180e-01
4.437675774097442627e-01;2.784592211246490479e-01;-1.242820918560028076e-01
-2.418801002204418182e-02;-1.659027487039566040e-02;-4.975297749042510986e-01
-5.055902004241943359e-01;2.542208135128021240e-01;-4.511125087738037109e-01
4.607247114181518555e-01;1.098784133791923523e-01;-4.328805804252624512e-01
1.993539929389953613e-01;-1.278107762336730957e-01;1.746268570423126221e-01
-2.743474543094635010e-01;-3.054076731204986572e-01;1.038131937384605408e-01
-8.745232224464416504e-02;3.004196286201477051e-01;3.485798537731170654e-01
1.271980702877044678e-01;-1.469047218561172485e-01;1.678441017866134644e-01
-2.941280901432037354e-01;-9.169565141201019287e-02;-1.472418308258056641e-01
4.925798177719116211e-01;2.775019705295562744e-01;-2.188448011875152588e-01
4.818949103355407715e-01;1.982300132513046265e-01;-4.700590074062347412e-01
-4.217104613780975342e-01;-4.702623933553695679e-02;-2.648025453090667725e-01
-4.100205898284912109e-01;-1.909841597080230713e-01;-1.773208230733871460e-01
-4.013271927833557129e-01;2.965845167636871338e-01;3.470297157764434814e-01
-5.693025588989257812e-01;3.047355711460113525e-01;3.047996759414672852e-01
-5.813730508089065552e-02;4.666004180908203125e-01;4.500795900821685791e-01
-4.462964236736297607e-01;-4.052297770977020264e-01;-5.762481093406677246e-01
5.003082752227783203e-01;-2.588568329811096191e-01;-5.582757592201232910e-01
-1.345941424369812012e-01;6.812351346015930176e-01;5.024330019950866699e-01
4.288674294948577881e-01;-3.062709271907806396e-01;-5.135413408279418945e-01
-1.287077665328979492e-01;-8.256655186414718628e-02;3.980761021375656128e-02
4.116464033722877502e-02;3.203874230384826660e-01;3.910070657730102539e-01
-3.692653477191925049e-01;-9.941093623638153076e-02;7.112210988998413086e-02
-3.069861233234405518e-01;-1.101842299103736877e-01;3.332030726596713066e-03
5.138187408447265625e-01;-2.609753906726837158e-01;-5.444094538688659668e-01
-2.173222899436950684e-01;-4.219457805156707764e-01;5.672378838062286377e-02
-8.592160418629646301e-03;2.676663100719451904e-01;4.007761478424072266e-01
2.802037596702575684e-01;-9.688033722341060638e-03;2.473315149545669556e-01
3.578030467033386230e-01;-3.408259153366088867e-01;1.238517090678215027e-01
-3.096241950988769531e-01;-8.060009032487869263e-02;2.379098534584045410e-02
9.341614693403244019e-02;-5.093023180961608887e-02;-2.178564220666885376e-01
4.288674294948577881e-01;-1.764059960842132568e-01;2.099017798900604248e-01
-5.480659008026123047e-01;-1.085398718714714050e-01;-5.555803179740905762e-01
-2.820253372192382812e-01;-1.828622221946716309e-01;2.220345288515090942e-01
-4.100205898284912109e-01;-5.321378111839294434e-01;-1.180760711431503296e-01
2.908221185207366943e-01;5.322719812393188477e-01;4.751955270767211914e-01
-2.820601463317871094e-01;1.226630434393882751e-01;2.767668366432189941e-01
-1.949177980422973633e-01;-3.926773369312286377e-02;-3.128330409526824951e-01
3.970101475715637207e-01;-5.566802620887756348e-01;-2.858777064830064774e-03
2.437984049320220947e-01;5.567402243614196777e-01;4.864971339702606201e-01
-1.172868534922599792e-02;-8.190219849348068237e-02;-2.270020097494125366e-01
6.695608794689178467e-02;2.410977780818939209e-01;3.933259844779968262e-01
-3.038325607776641846e-01;2.631711363792419434e-01;3.535172343254089355e-01
9.441194683313369751e-02;-4.944109171628952026e-02;-2.650990188121795654e-01
-3.105468153953552246e-01;-1.113082319498062134e-01;1.766519099473953247e-01
4.607247114181518555e-01;2.150108218193054199e-01;-4.068667292594909668e-01
3.577837049961090088e-01;2.018572390079498291e-01;3.431160748004913330e-01
2.348066568374633789e-01;-1.123555470257997513e-02;-5.411412715911865234e-01
3.652286529541015625e-01;2.284323871135711670e-01;3.194957077503204346e-01
4.231322705745697021e-01;-8.983541280031204224e-02;-1.624002158641815186e-01
-1.496106833219528198e-01;-9.875782579183578491e-02;-8.972226828336715698e-02
6.001200526952743530e-02;-5.839730799198150635e-02;-2.608499825000762939e-01
-2.484138607978820801e-01;-1.121183782815933228e-01;1.908553950488567352e-02
3.970101475715637207e-01;-9.792382270097732544e-02;-4.171955883502960205e-01
-4.418778419494628906e-01;-5.260705947875976562e-01;-2.104087360203266144e-02
-5.959922447800636292e-02;3.036794662475585938e-01;3.729090988636016846e-01
-1.764056235551834106e-01;5.884233713150024414e-01;4.950347244739532471e-01
2.586407065391540527e-01;-1.051398515701293945e-01;-3.775393217802047729e-02
-2.932142019271850586e-01;-2.211077958345413208e-01;1.490088105201721191e-01
3.651059567928314209e-01;6.425788402557373047e-01;4.868142604827880859e-01
1.454602032899856567e-01;-2.218816727399826050e-01;1.375608146190643311e-01
-3.042287230491638184e-01;1.436036229133605957e-01;3.195793926715850830e-01
4.840062260627746582e-01;-6.561637669801712036e-02;-5.024546980857849121e-01
3.692690432071685791e-01;-1.006147339940071106e-01;-5.709428787231445312e-01
-3.746371269226074219e-01;-9.296316653490066528e-02;-4.577153548598289490e-02
4.288674294948577881e-01;-4.975342750549316406e-01;-3.879879713058471680e-01
-5.315896272659301758e-01;2.784592211246490479e-01;3.365543484687805176e-01
3.889572322368621826e-01;-2.122503146529197693e-02;-4.809555709362030029e-01
-4.421781003475189209e-01;1.331070363521575928e-01;-4.138613045215606689e-01
2.908221185207366943e-01;-4.790546894073486328e-01;4.051469638943672180e-02
2.077184319496154785e-01;5.195382237434387207e-01;4.714669287204742432e-01
1.633973568677902222e-01;1.938181966543197632e-01;3.167366683483123779e-01
-1.872664690017700195e-01;-5.087253823876380920e-02;-4.797180891036987305e-01
-1.501670330762863159e-01;7.760997116565704346e-02;2.585625648498535156e-01
-8.315073698759078979e-02;-3.641564249992370605e-01;1.144258305430412292e-01
-4.631145894527435303e-01;-9.896682947874069214e-02;-1.849255710840225220e-02
-4.000309705734252930e-01;-4.841793179512023926e-01;9.468331187963485718e-02
1.373122036457061768e-01;-2.114895172417163849e-02;-4.809462428092956543e-01
1.558480560779571533e-01;5.720583796501159668e-01;4.926914572715759277e-01
1.407707780599594116e-01;-8.355968445539474487e-02;4.789663106203079224e-02
2.348949164152145386e-01;5.440896749496459961e-01;4.470311999320983887e-01
-5.693025588989257812e-01;2.987585663795471191e-01;4.477387666702270508e-01
4.288674294948577881e-01;-5.307767391204833984e-01;-7.965138554573059082e-02
-4.206389486789703369e-01;2.819049358367919922e-01;-4.538856148719787598e-01
-2.020986080169677734e-01;3.871417343616485596e-01;4.179767668247222900e-01
2.985845208168029785e-01;-4.217709004878997803e-01;5.679494142532348633e-02
-2.475550621747970581e-01;-7.606755942106246948e-02;-2.745247483253479004e-01
-3.648397028446197510e-01;-7.957717031240463257e-02;1.950573772192001343e-01
2.959511876106262207e-01;-1.253413259983062744e-01;1.765682697296142578e-01
-5.399659872055053711e-01;3.103164732456207275e-01;-7.387392967939376831e-02
-2.932142019271850586e-01;1.312990933656692505e-01;2.975524365901947021e-01
-1.505606472492218018e-01;2.502515017986297607e-01;3.970245718955993652e-01
-4.418778419494628906e-01;-1.839778572320938110e-01;-4.082401096820831299e-02
-1.270114779472351074e-01;7.202273011207580566e-01;5.525568127632141113e-01
-5.055902004241943359e-01;2.736492455005645752e-01;1.934717893600463867e-01
-2.468880116939544678e-01;4.269372522830963135e-01;4.340547621250152588e-01
-3.231539726257324219e-01;-4.661669731140136719e-01;3.885538130998611450e-02
9.619639813899993896e-02;-1.057212874293327332e-01;-3.301812335848808289e-02
-4.418778419494628906e-01;-1.493690609931945801e-01;-1.415153443813323975e-01
4.907135069370269775e-01;2.147468477487564087e-01;3.956124931573867798e-02
4.748009741306304932e-01;2.147468477487564087e-01;-2.301118656760081649e-04
-4.418778419494628906e-01;6.041941698640584946e-03;-4.819229543209075928e-01
-3.275152742862701416e-01;-1.097831502556800842e-01;6.532257248181849718e-05
-2.569533586502075195e-01;-8.186858892440795898e-02;3.412285447120666504e-02
7.408934086561203003e-02;3.766218721866607666e-01;3.793662786483764648e-01
-1.015001907944679260e-01;3.039082884788513184e-01;3.499892950057983398e-01
8.339183405041694641e-03;3.482040762901306152e-01;3.678900003433227539e-01
1.740157455205917358e-01;1.690564453601837158e-01;2.956869006156921387e-01
-3.038325607776641846e-01;-1.453443914651870728e-01;1.931617707014083862e-01
4.288674294948577881e-01;-5.186474919319152832e-01;2.165948301553726196e-01
3.241859674453735352e-01;6.369121372699737549e-02;2.529389560222625732e-01
-2.361580580472946167e-01;3.207843601703643799e-01;3.568116426467895508e-01
2.855237573385238647e-02;-2.033457159996032715e-01;1.793980151414871216e-01
1.740157455205917358e-01;1.083128228783607483e-01;2.863882184028625488e-01
8.598000556230545044e-02;2.756890654563903809e-01;3.809226155281066895e-01
-4.631145894527435303e-01;-8.010998368263244629e-02;-6.320022046566009521e-02
2.311706729233264923e-02;1.723408848047256470e-01;3.311900794506072998e-01
-7.683524489402770996e-02;-4.717956185340881348e-01;3.658102452754974365e-02
1.703096181154251099e-01;-1.107795387506484985e-01;-5.721907615661621094e-01
1.165662407875061035e-01;-3.907745778560638428e-01;1.036717072129249573e-01
-5.344637036323547363e-01;2.784592211246490479e-01;-2.456941753625869751e-01
3.831563144922256470e-02;5.749487280845642090e-01;4.594992995262145996e-01
2.935706377029418945e-01;-3.804418742656707764e-01;1.078462675213813782e-01
-8.663456887006759644e-02;2.179573029279708862e-01;3.152642846107482910e-01
-1.842852979898452759e-01;-5.054367333650588989e-02;-4.823965430259704590e-01
-3.335379064083099365e-01;-7.026682049036026001e-02;-6.036282703280448914e-02
3.491006791591644287e-01;-6.856348365545272827e-02;-7.423813641071319580e-02
-5.651144310832023621e-02;-5.836516022682189941e-01;5.631494149565696716e-02
-4.684446454048156738e-01;1.495345979928970337e-01;-5.081322789192199707e-01
-4.418778419494628906e-01;-5.500519871711730957e-01;1.444470137357711792e-01
1.633973568677902222e-01;-5.192636847496032715e-01;3.139773383736610413e-02
1.511320620775222778e-01;-1.277633160352706909e-01;1.412223726511001587e-01
-1.140209361910820007e-01;-6.899093836545944214e-02;-3.321608901023864746e-01
3.960174322128295898e-01;-5.364460349082946777e-01;4.482409358024597168e-02
-4.100205898284912109e-01;2.784397602081298828e-01;3.715002536773681641e-01
-6.567957252264022827e-02;-7.702309638261795044e-02;-5.343245808035135269e-03
-2.711666189134120941e-02;2.148339524865150452e-02;2.702392339706420898e-01
1.048905923962593079e-01;-2.392165213823318481e-01;1.734456419944763184e-01
3.342764675617218018e-01;-3.498152270913124084e-02;-3.477424383163452148e-01
-1.522978395223617554e-01;-2.329711243510246277e-02;-4.429076015949249268e-01
-1.628704369068145752e-01;-5.448166653513908386e-02;-4.503232836723327637e-01
3.314178586006164551e-01;6.156717538833618164e-01;5.103141069412231445e-01
-4.919820427894592285e-01;2.784592211246490479e-01;-1.890959143638610840e-01
-4.418778419494628906e-01;-1.962106078863143921e-01;-8.633595705032348633e-02
9.181047976016998291e-02;2.430837005376815796e-01;3.254155516624450684e-01
3.757132291793823242e-01;-2.304326295852661133e-01;1.052508950233459473e-01
-1.761098653078079224e-01;2.910670042037963867e-01;3.448013067245483398e-01
-3.382846713066101074e-01;4.476169645786285400e-01;4.424135386943817139e-01
-2.555143535137176514e-01;-3.255315497517585754e-02;-3.675204217433929443e-01
-4.355609118938446045e-01;2.784592211246490479e-01;1.681655496358871460e-01
4.288674294948577881e-01;-9.571302682161331177e-02;-1.915879100561141968e-01
-3.412932455539703369e-01;-3.157639503479003906e-01;1.339771151542663574e-01
2.802037596702575684e-01;2.004066668450832367e-02;2.512374222278594971e-01
-4.930798411369323730e-01;3.103164732456207275e-01;-1.460223644971847534e-01
4.288674294948577881e-01;1.466855313628911972e-02;-5.025233626365661621e-01
-7.775618135929107666e-02;-1.113364100456237793e-01;1.271644514054059982e-02
-4.737329483032226562e-01;2.696280181407928467e-01;-1.866127550601959229e-01
-1.699830442667007446e-01;-4.797429963946342468e-02;-4.842400848865509033e-01
-5.628477931022644043e-01;2.784592211246490479e-01;2.134011834859848022e-01
4.397531449794769287e-01;2.784592211246490479e-01;2.586888670921325684e-01
-4.348543584346771240e-01;3.103164732456207275e-01;2.050266563892364502e-01
2.006241232156753540e-01;4.215860664844512939e-01;3.975374102592468262e-01
3.151772022247314453e-01;5.423724055290222168e-01;4.806983470916748047e-01
-2.227789908647537231e-01;3.947303891181945801e-01;4.210426807403564453e-01
-8.310795575380325317e-02;-2.423273473978042603e-01;1.293019801378250122e-01
-2.542241513729095459e-01;4.194349944591522217e-01;4.310237467288970947e-01
9.071902185678482056e-02;5.529745221138000488e-01;4.506144821643829346e-01
1.740157455205917358e-01;-5.026991367340087891e-01;2.670169249176979065e-02
1.740157455205917358e-01;-9.190065413713455200e-02;2.201087325811386108e-01
-1.870261579751968384e-01;5.178804993629455566e-01;4.679060578346252441e-01
2.478475272655487061e-01;-7.664860785007476807e-02;-5.680006742477416992e-01
-4.275403320789337158e-01;3.103164732456207275e-01;-1.491108164191246033e-02
4.288674294948577881e-01;-5.526843667030334473e-01;-2.514047361910343170e-02
-1.350080370903015137e-01;-3.342238366603851318e-01;9.216949343681335449e-02
2.584916949272155762e-01;-1.001446917653083801e-01;-7.842661440372467041e-02
7.076855748891830444e-02;-6.654979288578033447e-02;2.346712052822113037e-01
4.155518412590026855e-01;-9.753121435642242432e-02;-9.971267729997634888e-02
2.200834900140762329e-01;-4.013562500476837158e-01;9.939654916524887085e-02
1.959623694419860840e-01;6.637789011001586914e-01;5.297423005104064941e-01
-5.093186497688293457e-01;-3.340266048908233643e-01;-5.675058364868164062e-01
-3.380322158336639404e-01;-5.725500360131263733e-02;-5.656198859214782715e-01
-3.318341076374053955e-01;8.272603154182434082e-02;2.606291770935058594e-01
3.648035228252410889e-01;-5.722322687506675720e-02;-1.666026860475540161e-01
-4.463570713996887207e-01;3.103164732456207275e-01;-5.206584334373474121e-01
4.288674294948577881e-01;-6.147535443305969238e-01;-5.240105986595153809e-01
-4.100205898284912109e-01;-4.699835777282714844e-01;-8.850707113742828369e-02
3.970101475715637207e-01;-4.473563134670257568e-01;-3.069079220294952393e-01
-4.418778419494628906e-01;-4.604443311691284180e-01;-4.405131638050079346e-01
4.264246523380279541e-01;3.103164732456207275e-01;-9.927999228239059448e-02
-3.965659737586975098e-01;-5.535715818405151367e-01;3.537921700626611710e-03
-3.291333615779876709e-01;-8.153560757637023926e-02;-2.299872636795043945e-01
3.471601903438568115e-01;-7.330968976020812988e-02;-5.354948043823242188e-01
3.884247839450836182e-01;-7.997971028089523315e-02;-2.426572591066360474e-01
-1.563343703746795654e-01;2.092880606651306152e-01;3.117617964744567871e-01
-3.884833753108978271e-01;-6.773050874471664429e-02;-3.424265384674072266e-01
4.288674294948577881e-01;-5.090419650077819824e-01;-5.288531780242919922e-01
-1.962137818336486816e-01;4.677947759628295898e-01;4.162065982818603516e-01
2.802037596702575684e-01;3.494073823094367981e-02;2.635766565799713135e-01
-4.631145894527435303e-01;-8.606268465518951416e-02;4.855311661958694458e-02
-4.471633136272430420e-01;-3.551510274410247803e-01;-5.700987577438354492e-01
-2.715572118759155273e-01;-2.060396224260330200e-01;2.126718610525131226e-01
-3.608911633491516113e-01;-4.330801963806152344e-02;-5.413250327110290527e-01
-5.480659008026123047e-01;-4.278522729873657227e-02;-5.016095638275146484e-01
-1.457840204238891602e-02;-1.282825917005538940e-01;2.097293436527252197e-01
4.288674294948577881e-01;-2.533325552940368652e-01;-5.349411368370056152e-01
4.633705690503120422e-02;-3.928147554397583008e-01;1.028474494814872742e-01
5.720717832446098328e-02;6.402496695518493652e-01;5.024487376213073730e-01
3.033206760883331299e-01;2.175410538911819458e-01;3.838077783584594727e-01
-4.418778419494628906e-01;-1.379732340574264526e-01;-2.238488346338272095e-01
-2.196148596704006195e-02;-4.595031961798667908e-02;-5.642321109771728516e-01
5.138187408447265625e-01;-1.459266543388366699e-01;-5.422076582908630371e-01
-2.248976975679397583e-01;3.146260380744934082e-01;3.886793255805969238e-01
-1.870261579751968384e-01;4.306244254112243652e-01;4.133455753326416016e-01
1.495036631822586060e-01;6.900892257690429688e-01;5.403800010681152344e-01
-5.693025588989257812e-01;2.900586128234863281e-01;8.760767430067062378e-02
-3.953658938407897949e-01;1.016711816191673279e-02;2.313147783279418945e-01
5.350554585456848145e-01;2.903109788894653320e-01;-2.565082609653472900e-01
2.093274891376495361e-01;-4.347731173038482666e-01;8.589564263820648193e-02
-4.563056826591491699e-01;3.103164732456207275e-01;-3.216146528720855713e-01
2.614527940750122070e-02;3.053575158119201660e-01;3.849347531795501709e-01
-2.232966721057891846e-01;-9.208752959966659546e-02;1.173455268144607544e-01
-1.049744486808776855e-01;-1.315022855997085571e-01;1.397115290164947510e-01
-5.055902004241943359e-01;1.822860985994338989e-01;3.592684864997863770e-01
-3.038325607776641846e-01;6.767164915800094604e-02;2.672697305679321289e-01
1.748492568731307983e-01;-4.560507461428642273e-02;2.087832838296890259e-01
-3.596974313259124756e-01;-3.354060649871826172e-02;-3.701329529285430908e-01
1.223836988210678101e-01;-5.044135451316833496e-02;-4.832298755645751953e-01
3.418287932872772217e-01;-4.207383841276168823e-02;-3.765294253826141357e-01
4.270671308040618896e-01;-8.125565201044082642e-02;2.913052402436733246e-02
1.223118975758552551e-01;-5.704677104949951172e-01;3.108201548457145691e-02
3.492775559425354004e-01;-3.785260319709777832e-01;1.086203008890151978e-01
2.062514722347259521e-01;-2.898352146148681641e-01;1.101055517792701721e-01
4.076306819915771484e-01;3.067403137683868408e-01;4.085087776184082031e-01
2.124768346548080444e-01;-1.087861135601997375e-01;-8.055505342781543732e-03
-1.537870764732360840e-01;-3.775811195373535156e-02;-3.251282870769500732e-01
2.029860615730285645e-01;-1.210251003503799438e-01;9.163345396518707275e-02
4.288674294948577881e-01;-5.512756109237670898e-01;6.740727275609970093e-02
-2.980279624462127686e-01;-5.535469576716423035e-02;-1.818210482597351074e-01
3.542496562004089355e-01;2.847419381141662598e-01;3.422452509403228760e-01
-2.597404718399047852e-01;-2.342359721660614014e-02;-4.812255501747131348e-01
3.970101475715637207e-01;6.456938385963439941e-01;4.930480718612670898e-01
5.539531260728836060e-02;-1.090377792716026306e-01;-6.005664821714162827e-03
-4.837751090526580811e-01;2.147468477487564087e-01;-2.576048076152801514e-01
-1.555411219596862793e-01;-2.529843151569366455e-01;1.249958276748657227e-01
3.902709484100341797e-01;-5.888026952743530273e-02;-3.785929381847381592e-01
4.085163772106170654e-01;3.103164732456207275e-01;-2.776004076004028320e-01
3.748615980148315430e-01;-6.874664872884750366e-02;-3.341505527496337891e-01
1.396251916885375977e-01;-4.535306990146636963e-02;-5.246664881706237793e-01
2.005456835031509399e-01;-1.157855335623025894e-02;-5.383477210998535156e-01
4.771983921527862549e-01;2.147468477487564087e-01;1.707340474240481853e-03
1.012189239263534546e-01;-6.114400923252105713e-02;-2.611872553825378418e-01
-4.100205898284912109e-01;-1.161898076534271240e-01;-3.159487545490264893e-01
1.353977322578430176e-01;-5.741356015205383301e-01;2.386728487908840179e-02
1.589803397655487061e-01;-6.269588321447372437e-02;-3.834219574928283691e-01
-1.487750709056854248e-01;2.714281976222991943e-01;3.368670046329498291e-01
2.830691039562225342e-01;-9.644917398691177368e-02;-1.085256263613700867e-01
-4.100205898284912109e-01;-4.785828590393066406e-01;-3.058250546455383301e-01
-4.557981193065643311e-01;2.118466654792428017e-03;-4.299449622631072998e-01
1.753335595130920410e-01;-4.672848805785179138e-02;-2.520778179168701172e-01
-4.216378331184387207e-01;3.103164732456207275e-01;-4.491009712219238281e-01
-3.316967189311981201e-01;-5.910915136337280273e-02;-4.126344025135040283e-01
1.867196261882781982e-01;2.632831037044525146e-01;3.335799872875213623e-01
-5.537756681442260742e-01;3.103164732456207275e-01;2.822399735450744629e-01
-4.100205898284912109e-01;2.583496272563934326e-01;3.619833290576934814e-01
-1.764056235551834106e-01;1.278980821371078491e-01;2.925816476345062256e-01
3.970101475715637207e-01;-4.371556639671325684e-01;8.385560661554336548e-02
-5.634621381759643555e-01;2.784592211246490479e-01;1.831273362040519714e-02
7.350285351276397705e-02;2.161541432142257690e-01;3.488928079605102539e-01
-4.418778419494628906e-01;-4.765489399433135986e-01;-5.382516980171203613e-01
4.288674294948577881e-01;-5.411432385444641113e-01;-6.730965524911880493e-02
3.758908808231353760e-01;5.343021824955940247e-02;2.487934082746505737e-01
-4.737329483032226562e-01;2.608975768089294434e-01;3.418717086315155029e-01
2.174614816904067993e-01;3.961570858955383301e-01;3.872636258602142334e-01
-3.709980249404907227e-01;4.164773523807525635e-01;3.954673707485198975e-01
4.076306819915771484e-01;3.015518784523010254e-01;-1.062006652355194092e-01
4.288674294948577881e-01;-4.975033104419708252e-01;6.962593644857406616e-02
-4.418778419494628906e-01;-1.329004615545272827e-01;-4.147431254386901855e-01
-4.418778419494628906e-01;-5.839133858680725098e-01;4.650413095951080322e-01
-4.100205898284912109e-01;-5.024366974830627441e-01;-5.218633413314819336e-01
-9.917802363634109497e-02;-1.564481556415557861e-01;1.296313554048538208e-01
3.228901326656341553e-01;-1.026007309556007385e-01;7.073064893484115601e-02
5.174401998519897461e-01;3.103164732456207275e-01;1.407067924737930298e-01
3.649712502956390381e-01;2.777033746242523193e-01;3.759378194808959961e-01
2.534929215908050537e-01;4.295670688152313232e-01;4.007619023323059082e-01
-5.457961186766624451e-02;6.085505485534667969e-01;4.730750620365142822e-01
-4.674359261989593506e-01;-5.807703137397766113e-01;-5.978025197982788086e-01
-3.506461679935455322e-01;5.816272497177124023e-01;4.965588152408599854e-01
-5.107471346855163574e-01;2.784592211246490479e-01;-3.949590623378753662e-01
2.933640480041503906e-01;-7.964234799146652222e-02;-2.454045265913009644e-01
6.045320257544517517e-02;-1.476133167743682861e-01;-5.631527304649353027e-01
4.294945001602172852e-01;1.554106324911117554e-01;-5.074108242988586426e-01
4.517497420310974121e-01;-1.478447020053863525e-01;-5.612680912017822266e-01
1.357506960630416870e-01;6.641868948936462402e-01;4.955453276634216309e-01
-4.100205898284912109e-01;9.152831137180328369e-02;2.842132449150085449e-01
3.837974071502685547e-01;-5.772479996085166931e-02;-1.625175774097442627e-01
-1.241416335105895996e-01;-5.279694795608520508e-01;8.260747045278549194e-02
2.731203734874725342e-01;-4.765179753303527832e-01;7.571090757846832275e-02
4.467120170593261719e-01;1.739750355482101440e-01;3.500184416770935059e-01
4.607247114181518555e-01;2.161404639482498169e-01;3.528709113597869873e-01
2.625964581966400146e-01;-1.268791854381561279e-01;1.393053233623504639e-01
-8.109848946332931519e-02;-2.302812412381172180e-02;-4.450988471508026123e-01
-1.515951007604598999e-01;-2.880274057388305664e-01;1.451830863952636719e-01
-5.422829464077949524e-02;-9.786173701286315918e-02;6.596356630325317383e-02
2.969663143157958984e-01;-9.018191695213317871e-02;-1.595784872770309448e-01
3.332452774047851562e-01;-4.606641530990600586e-01;7.543528079986572266e-02
2.432701885700225830e-01;-6.653327494859695435e-02;-3.521775007247924805e-01
3.520830534398555756e-03;-5.566268563270568848e-01;7.102678716182708740e-02
-3.935032784938812256e-01;-1.136886402964591980e-01;-5.725479125976562500e-01
-4.100205898284912109e-01;-4.392633736133575439e-01;-2.594576776027679443e-01
2.842143774032592773e-01;-1.614582389593124390e-01;1.963240057229995728e-01
1.759102493524551392e-01;-5.207856297492980957e-01;1.678569614887237549e-02
-3.569258451461791992e-01;6.603698134422302246e-01;4.940019249916076660e-01
8.160489797592163086e-02;-4.394374787807464600e-01;4.965594410896301270e-02
-1.824063062667846680e-02;-6.771194934844970703e-02;-8.117464929819107056e-02
-1.115254089236259460e-01;-4.596335440874099731e-02;-2.583095431327819824e-01
5.302421450614929199e-01;2.784592211246490479e-01;2.219664901494979858e-01
-4.206389486789703369e-01;2.814230918884277344e-01;-5.473462939262390137e-01
8.448648452758789062e-02;7.567571997642517090e-01;5.590707063674926758e-01
-3.711899518966674805e-01;-1.125767678022384644e-01;2.281908318400382996e-02
-4.193836078047752380e-02;-5.316816568374633789e-01;8.110733330249786377e-02
-4.418778419494628906e-01;-4.612154066562652588e-01;-1.119376942515373230e-01
3.678100109100341797e-01;-4.918780922889709473e-01;6.282604485750198364e-02
-3.232443630695343018e-01;-3.521185219287872314e-01;8.493880182504653931e-02
4.197960197925567627e-01;-6.428274512290954590e-02;-1.091087460517883301e-01
-1.512353420257568359e-01;-1.136808618903160095e-01;3.181181848049163818e-02
4.866099953651428223e-01;1.791634708642959595e-01;-5.044945478439331055e-01
-3.811758756637573242e-01;-8.686791360378265381e-02;7.483220100402832031e-02
3.375288248062133789e-01;-1.239753961563110352e-01;1.156586930155754089e-01
-4.813901484012603760e-01;2.784592211246490479e-01;-3.184120655059814453e-01
-5.480659008026123047e-01;-2.038422524929046631e-01;-5.485538244247436523e-01
-4.418778419494628906e-01;-1.543175280094146729e-01;-7.528740167617797852e-02
-7.021759450435638428e-02;-3.678176701068878174e-01;7.928656041622161865e-02
4.501042068004608154e-01;-4.335596039891242981e-02;-3.650767505168914795e-01
1.762365847826004028e-01;-6.443671137094497681e-02;-3.692530691623687744e-01
3.970101475715637207e-01;-5.508264303207397461e-01;2.292138189077377319e-01
2.701568305492401123e-01;-5.449282005429267883e-02;-5.331848263740539551e-01
-4.097369313240051270e-01;1.754749864339828491e-01;2.981005012989044189e-01
-3.082572221755981445e-01;5.084792375564575195e-01;4.326369464397430420e-01
2.972206473350524902e-01;8.258178830146789551e-02;2.605709135532379150e-01
-3.038325607776641846e-01;3.123576343059539795e-01;3.820590972900390625e-01
-3.374177515506744385e-01;-5.175642669200897217e-02;-2.111274302005767822e-01
6.323808431625366211e-02;4.847021996974945068e-01;4.573965966701507568e-01
-7.021759450435638428e-02;-2.537317574024200439e-01;1.292273104190826416e-01
1.633973568677902222e-01;7.600302696228027344e-01;5.458824634552001953e-01
3.831865191459655762e-01;-9.514700621366500854e-02;-1.191314533352851868e-01
-5.547642707824707031e-01;2.784592211246490479e-01;-8.880977332592010498e-02
-4.737329483032226562e-01;2.666344642639160156e-01;-2.954666316509246826e-01
-4.418778419494628906e-01;-5.423567295074462891e-01;4.293488562107086182e-01
-5.480659008026123047e-01;9.883985854685306549e-03;-5.032218694686889648e-01
-3.405749797821044922e-01;-5.671152099967002869e-02;-3.783266544342041016e-01
9.561415761709213257e-02;4.917458165436983109e-03;2.635460793972015381e-01
-4.418778419494628906e-01;-1.530347615480422974e-01;4.894538223743438721e-02
-3.854390680789947510e-01;-2.829570174217224121e-01;1.128861159086227417e-01
2.338754571974277496e-02;2.112017422914505005e-01;3.812463283538818359e-01
-5.693025588989257812e-01;3.037033677101135254e-01;2.314013093709945679e-01
-2.496874192729592323e-03;-8.137433975934982300e-02;-2.313004583120346069e-01
4.236172735691070557e-01;3.103164732456207275e-01;-5.106971263885498047e-01
-1.303110867738723755e-01;-8.337479829788208008e-02;4.639074206352233887e-02
2.769675850868225098e-01;-7.082463055849075317e-02;-3.172262012958526611e-01
-5.959922447800636292e-02;4.890660941600799561e-01;4.589984416961669922e-01
1.520374417304992676e-01;-3.708814680576324463e-01;7.735729962587356567e-02
-3.565661907196044922e-01;5.057196021080017090e-01;4.658891856670379639e-01
4.116779267787933350e-01;-6.182078644633293152e-02;-2.612703442573547363e-01
4.607247114181518555e-01;4.194159805774688721e-02;-4.725320339202880859e-01
-1.870261579751968384e-01;1.454017311334609985e-01;3.042351305484771729e-01
7.212795317173004150e-02;-9.175587445497512817e-02;6.671282649040222168e-02
-4.418778419494628906e-01;-1.575717329978942871e-01;-2.884508371353149414e-01
-3.317450582981109619e-01;-1.493826508522033691e-01;-5.487420558929443359e-01
5.720717832446098328e-02;-2.867595255374908447e-01;1.278049051761627197e-01
-1.255250275135040283e-01;4.076278209686279297e-01;4.262559115886688232e-01
4.658880829811096191e-02;4.149666726589202881e-01;4.207133948802947998e-01
4.739826917648315430e-01;-4.407091438770294189e-01;-5.806050896644592285e-01
-4.206389486789703369e-01;2.875124514102935791e-01;3.806166946887969971e-01
-2.402135729789733887e-01;-5.263542532920837402e-01;8.326019346714019775e-02
-4.100205898284912109e-01;-6.914318352937698364e-02;2.266182154417037964e-01
2.802037596702575684e-01;-2.606032192707061768e-01;1.366002410650253296e-01
5.720717832446098328e-02;2.081984132528305054e-01;3.298633098602294922e-01
3.970101475715637207e-01;-1.552202701568603516e-01;-2.970041036605834961e-01
-2.958868741989135742e-01;-4.051300138235092163e-02;-5.641016364097595215e-01
4.617144167423248291e-01;2.784592211246490479e-01;3.486296534538269043e-01
1.740157455205917358e-01;5.767861604690551758e-01;4.825108945369720459e-01
4.288674294948577881e-01;1.265763342380523682e-01;-4.472027122974395752e-01
4.866293966770172119e-01;2.147468477487564087e-01;-9.152016788721084595e-02
3.425260484218597412e-01;-2.433436512947082520e-01;1.885461807250976562e-01
-3.137320280075073242e-01;-5.674570798873901367e-01;3.229809552431106567e-02
2.679293155670166016e-01;-6.778581440448760986e-02;-8.057297021150588989e-02
5.052918195724487305e-01;-3.939747512340545654e-01;-5.427713394165039062e-01
-1.764056235551834106e-01;-5.051603913307189941e-01;4.840755090117454529e-02
-3.460229635238647461e-01;-9.501966834068298340e-02;-1.201685518026351929e-01
2.980031073093414307e-01;1.710760444402694702e-01;3.571924269199371338e-01
-5.087209343910217285e-01;-5.238456726074218750e-01;-5.908129811286926270e-01
2.903518378734588623e-01;-1.010072305798530579e-01;-4.141204431653022766e-02
2.799463570117950439e-01;-4.301530122756958008e-01;8.776222914457321167e-02
4.288674294948577881e-01;-5.209279656410217285e-01;3.787354230880737305e-01
5.720717832446098328e-02;1.622763276100158691e-01;3.144887089729309082e-01
3.382075428962707520e-01;4.178981781005859375e-01;4.304060339927673340e-01
-4.418778419494628906e-01;-5.580648183822631836e-01;2.041408717632293701e-01
-2.162182182073593140e-01;-5.047842487692832947e-02;-5.326920151710510254e-01
-4.418778419494628906e-01;-1.905519813299179077e-01;1.118148639798164368e-01
2.939016819000244141e-01;-1.149377878755331039e-02;-5.390380620956420898e-01
-1.017026826739311218e-01;-3.322781026363372803e-01;9.295570105314254761e-02
-4.603500664234161377e-01;1.851388812065124512e-01;-5.037608742713928223e-01
1.570585370063781738e-01;-1.331673115491867065e-01;1.905158758163452148e-01
4.706978201866149902e-01;2.147468477487564087e-01;-1.048383638262748718e-01
-9.920164942741394043e-03;2.373809665441513062e-01;3.231152892112731934e-01
-4.836940020322799683e-02;-5.598676949739456177e-02;-4.380648136138916016e-01
-2.080709636211395264e-01;-3.918122965842485428e-03;2.599762380123138428e-01
3.970101475715637207e-01;-5.652394890785217285e-01;1.786061227321624756e-01
4.658880829811096191e-02;6.371819376945495605e-01;5.001979470252990723e-01
-5.055902004241943359e-01;2.732052505016326904e-01;1.945097595453262329e-01
2.451617121696472168e-01;-7.921120524406433105e-02;-2.489153742790222168e-01
-5.596912503242492676e-01;3.103164732456207275e-01;-4.070591032505035400e-01
-1.257987469434738159e-01;5.976785421371459961e-01;5.030428767204284668e-01
2.840708792209625244e-01;-7.220559567213058472e-02;-3.059788346290588379e-01
3.958100676536560059e-01;-4.951911270618438721e-01;9.585349261760711670e-02
-1.884135752916336060e-01;1.385353356599807739e-01;3.175316452980041504e-01
-4.932528361678123474e-02;9.884589351713657379e-03;2.312022596597671509e-01
3.970101475715637207e-01;-1.328615546226501465e-01;-3.538127243518829346e-01
8.016650564968585968e-03;-8.973393589258193970e-02;-5.375110507011413574e-01
4.288674294948577881e-01;-5.614035129547119141e-01;2.176537811756134033e-01
-3.572503924369812012e-01;-5.384206771850585938e-01;4.402650147676467896e-02
4.557209908962249756e-01;-4.935161471366882324e-01;-4.908015131950378418e-01
5.350554585456848145e-01;2.960060536861419678e-01;-4.104952141642570496e-02
-3.073488175868988037e-01;-3.091250918805599213e-02;-4.874937534332275391e-01
2.374792397022247314e-01;-4.324599206447601318e-01;8.683020621538162231e-02
1.760297268629074097e-01;-7.167526334524154663e-02;-4.888983070850372314e-02
-5.055902004241943359e-01;2.513928413391113281e-01;-2.873743176460266113e-01
1.250875927507877350e-02;-1.681421399116516113e-01;1.592662781476974487e-01
1.280329078435897827e-01;-4.106266424059867859e-02;-5.596230030059814453e-01
-5.055902004241943359e-01;2.616477906703948975e-01;1.044045686721801758e-01
4.607247114181518555e-01;2.371967881917953491e-01;-1.003603264689445496e-01
3.970101475715637207e-01;-1.097415834665298462e-01;-2.055548578500747681e-01
4.288674294948577881e-01;-1.427453756332397461e-01;-1.242411974817514420e-02
4.288674294948577881e-01;-5.375332012772560120e-02;-4.825360476970672607e-01
3.935318887233734131e-01;-2.736085653305053711e-01;1.166632771492004395e-01
2.156889736652374268e-01;6.536991596221923828e-01;4.913154840469360352e-01
3.970101475715637207e-01;-1.280832439661026001e-01;-2.766881883144378662e-01
3.970101475715637207e-01;-5.517394542694091797e-01;4.506665766239166260e-01
1.500984579324722290e-01;1.970347762107849121e-01;3.755221664905548096e-01
-2.479233592748641968e-01;4.071905016899108887e-01;3.917213082313537598e-01
5.350554585456848145e-01;3.007042407989501953e-01;1.118218302726745605e-01
4.288674294948577881e-01;-4.268453717231750488e-01;-5.374747514724731445e-01
4.545571506023406982e-01;3.103164732456207275e-01;-1.936402916908264160e-01
3.405219614505767822e-01;-1.298318654298782349e-01;1.747540533542633057e-01
1.880871802568435669e-01;-8.184085041284561157e-02;-1.513934582471847534e-01
-4.418778419494628906e-01;-2.747685313224792480e-01;-5.510813593864440918e-01
-3.038325607776641846e-01;4.793413877487182617e-01;4.512993693351745605e-01
-4.368601739406585693e-01;-1.043505966663360596e-01;-4.417711123824119568e-02
-4.568599462509155273e-01;2.579163610935211182e-01;4.001216292381286621e-01
-5.455409288406372070e-01;7.045880425721406937e-03;-5.256289243698120117e-01
4.684808254241943359e-01;1.261767297983169556e-01;-5.110001564025878906e-01
4.788441061973571777e-01;2.784592211246490479e-01;4.201318323612213135e-01
1.515991538763046265e-01;-4.126992225646972656e-01;9.481383115053176880e-02
3.970101475715637207e-01;-4.552920460700988770e-01;-5.637309551239013672e-01
-1.349253654479980469e-01;-8.984930813312530518e-02;9.911535680294036865e-02
4.607247114181518555e-01;2.776142954826354980e-01;-2.793866395950317383e-01
2.745848894119262695e-01;-5.343685746192932129e-01;4.566323012113571167e-02
3.731172084808349609e-01;1.787648648023605347e-01;3.681401908397674561e-01
4.501042068004608154e-01;-1.122379973530769348e-01;6.337578594684600830e-02
3.780021965503692627e-01;-9.321914613246917725e-02;-1.348333507776260376e-01
-4.418778419494628906e-01;-5.388670563697814941e-01;-6.246508564800024033e-04
-5.573097616434097290e-02;-2.767063081264495850e-01;1.154105216264724731e-01
-2.971108257770538330e-01;-3.063917532563209534e-02;-5.944465994834899902e-01
-4.737329483032226562e-01;2.133348584175109863e-01;-4.090082645416259766e-01
-1.293050348758697510e-01;9.323967993259429932e-02;2.992308735847473145e-01
1.603695154190063477e-01;-5.749357119202613831e-02;-1.644008308649063110e-01
4.185137450695037842e-01;-8.332004398107528687e-02;4.594479501247406006e-02
2.182480692863464355e-01;-2.884952127933502197e-01;1.449940949678421021e-01
-1.257250010967254639e-01;-5.605491623282432556e-02;-5.333765745162963867e-01
1.461793631315231323e-01;1.114987209439277649e-01;2.722539901733398438e-01
-6.259607523679733276e-02;-2.918352372944355011e-02;-3.949579596519470215e-01
-3.038325607776641846e-01;5.807320475578308105e-01;4.915476739406585693e-01
-3.826731070876121521e-02;-1.075963228940963745e-01;-1.774621754884719849e-02
2.908221185207366943e-01;5.031984448432922363e-01;4.378487467765808105e-01
-5.670150741934776306e-02;6.015501022338867188e-01;5.046015381813049316e-01
-1.535310000181198120e-01;1.090628281235694885e-01;2.712698280811309814e-01
4.136376380920410156e-01;-2.215151637792587280e-01;3.872071206569671631e-02
2.673118114471435547e-01;2.432008534669876099e-01;3.941757380962371826e-01
1.289422661066055298e-01;-1.106781288981437683e-01;1.767292171716690063e-01
-4.100205898284912109e-01;-4.674678444862365723e-01;-1.459865868091583252e-01
4.589272737503051758e-01;5.785283818840980530e-02;-4.231012165546417236e-01
4.925798177719116211e-01;2.352237850427627563e-01;3.898576498031616211e-01
5.138187408447265625e-01;-4.696913957595825195e-01;-5.705923438072204590e-01
-3.137648478150367737e-02;-7.406867295503616333e-02;-1.504391282796859741e-01
4.366356432437896729e-01;3.103164732456207275e-01;3.708331882953643799e-01
5.135923027992248535e-01;3.103164732456207275e-01;2.194749936461448669e-02
2.130038887262344360e-01;-3.313729912042617798e-02;-3.627628684043884277e-01
1.517429053783416748e-01;-5.213376134634017944e-02;2.061448544263839722e-01
1.335016041994094849e-01;1.838511079549789429e-01;3.358406424522399902e-01
3.970101475715637207e-01;-5.296133756637573242e-01;4.241084754467010498e-01
7.315458357334136963e-02;-5.646974444389343262e-01;6.776538491249084473e-02
4.288674294948577881e-01;-3.391655385494232178e-01;-5.241316556930541992e-01
4.543757438659667969e-01;2.951264381408691406e-01;-5.560154914855957031e-01
3.394564390182495117e-01;-5.403680726885795593e-02;-4.539464712142944336e-01
3.970101475715637207e-01;-9.143260121345520020e-02;-2.518106400966644287e-01
-4.707986116409301758e-01;-5.984523296356201172e-01;-5.999734401702880859e-01
4.607247114181518555e-01;2.206501513719558716e-01;-1.113623604178428650e-01
1.316163539886474609e-01;-4.981847107410430908e-01;2.591802738606929779e-02
4.288674294948577881e-01;6.084562093019485474e-02;-4.796307981014251709e-01
3.970101475715637207e-01;-4.929621219635009766e-01;1.499879360198974609e-01
5.029920935630798340e-01;-6.092490255832672119e-02;-5.660704374313354492e-01
4.076306819915771484e-01;3.016897439956665039e-01;8.889470994472503662e-02
4.700351655483245850e-01;1.834846585988998413e-01;-4.718694686889648438e-01
4.288674294948577881e-01;-5.125682950019836426e-01;1.621349900960922241e-01
3.857756853103637695e-01;-9.329319000244140625e-02;1.271654367446899414e-01
-3.907402455806732178e-01;-1.099483203142881393e-02;-5.431024432182312012e-01
8.057002723217010498e-02;-2.308003418147563934e-02;-4.865321218967437744e-01
4.288674294948577881e-01;-2.480927854776382446e-01;-4.923568367958068848e-01
-1.101914793252944946e-01;-1.334591358900070190e-01;1.928924620151519775e-01
-1.343385130167007446e-01;-4.778561368584632874e-02;-2.434680312871932983e-01
-4.039647877216339111e-01;3.444839715957641602e-01;3.663814961910247803e-01
-3.676487505435943604e-01;5.340601801872253418e-01;4.429717957973480225e-01
-2.413198053836822510e-01;-1.062395423650741577e-01;-2.879709750413894653e-02
-3.310330212116241455e-01;-7.495670765638351440e-02;-2.835722565650939941e-01
-4.100205898284912109e-01;-7.015822827816009521e-02;2.103411406278610229e-01
-2.729791998863220215e-01;-4.304617270827293396e-02;-2.820593118667602539e-01
3.073669373989105225e-01;-1.055732816457748413e-01;-5.715516209602355957e-01
4.167789816856384277e-01;-5.544922351837158203e-01;-1.474043726921081543e-01
-1.698528826236724854e-01;5.486901402473449707e-01;4.832499325275421143e-01
-4.737329483032226562e-01;1.384372115135192871e-01;-4.239471256732940674e-01
2.723186016082763672e-01;-1.763413697481155396e-01;2.246686816215515137e-01
4.302575588226318359e-01;-2.498153150081634521e-01;-4.608783721923828125e-01
3.970101475715637207e-01;-3.778911530971527100e-01;9.998731315135955811e-02
2.149337530136108398e-01;-3.507449477910995483e-02;-3.469851911067962646e-01
-3.509652912616729736e-01;-4.773085117340087891e-01;6.871100515127182007e-02
5.350554585456848145e-01;3.022642135620117188e-01;-2.720052301883697510e-01
-1.960223764181137085e-01;-5.482838302850723267e-02;-4.474993944168090820e-01
2.380397915840148926e-01;-5.588013678789138794e-02;2.046319842338562012e-01
-2.705548703670501709e-01;-6.715147942304611206e-02;-1.549385040998458862e-01
3.173886239528656006e-01;5.731381177902221680e-01;4.587596058845520020e-01
1.140346676111221313e-01;6.468587517738342285e-01;4.885445833206176758e-01
3.425586223602294922e-01;-3.025335632264614105e-02;-5.943992137908935547e-01
-7.033357769250869751e-02;-2.398823201656341553e-01;1.758816689252853394e-01
5.139116644859313965e-01;2.784592211246490479e-01;2.133372724056243896e-01
-4.757783412933349609e-01;2.147468477487564087e-01;-1.413033157587051392e-01
5.054137706756591797e-01;3.103164732456207275e-01;-8.113248646259307861e-02
-1.197029184550046921e-02;1.691539585590362549e-01;3.619489073753356934e-01
-3.875411152839660645e-01;-9.017255902290344238e-02;-1.596546769142150879e-01
-2.024688571691513062e-01;-2.590900473296642303e-02;-4.868794679641723633e-01
-4.418778419494628906e-01;-5.327213406562805176e-01;2.683741748332977295e-01
6.128862127661705017e-02;2.072478383779525757e-01;3.109375238418579102e-01
3.970101475715637207e-01;4.932109415531158447e-01;4.424811303615570068e-01
-2.199597507715225220e-01;-2.656093537807464600e-01;1.542403250932693481e-01
-3.553703660145401955e-03;-1.791989803314208984e-01;1.548004150390625000e-01
-2.298521548509597778e-01;-1.383851170539855957e-01;-5.755797028541564941e-01
-2.479460686445236206e-01;2.179893702268600464e-01;3.152804970741271973e-01
2.754587233066558838e-01;-2.504203021526336670e-01;1.260318607091903687e-01
1.635850369930267334e-01;-4.918844997882843018e-01;6.282345950603485107e-02
-1.406212747097015381e-01;-5.776619911193847656e-01;3.441205620765686035e-02
-1.870261579751968384e-01;5.127937793731689453e-01;4.398013055324554443e-01
4.983607679605484009e-03;-8.418876677751541138e-02;-1.570303440093994141e-01
-5.148906707763671875e-01;3.003005683422088623e-01;4.566940963268280029e-01
2.360007017850875854e-01;-1.741482019424438477e-01;1.568404287099838257e-01
-4.418778419494628906e-01;-2.092393189668655396e-01;-5.325367450714111328e-01
-4.327970147132873535e-01;-5.924031138420104980e-01;1.613518148660659790e-01
7.360835373401641846e-02;5.776081085205078125e-01;4.605666399002075195e-01
-4.357815682888031006e-01;2.784592211246490479e-01;4.410631954669952393e-01
-2.169702500104904175e-01;-8.485519886016845703e-02;1.929255127906799316e-01
-5.491924285888671875e-01;3.103164732456207275e-01;3.131518959999084473e-01
5.247936397790908813e-02;-4.811480045318603516e-01;8.717661350965499878e-02
-5.476577952504158020e-02;-2.114519774913787842e-01;1.074052751064300537e-01
5.720717832446098328e-02;6.416762471199035645e-01;4.869823157787322998e-01
4.197168648242950439e-01;-8.942088484764099121e-02;-1.657757461071014404e-01
-2.313217669725418091e-01;-4.744300246238708496e-02;-3.718398809432983398e-01
2.406772971153259277e-01;-1.642455160617828369e-01;1.951977163553237915e-01
1.286590099334716797e-02;6.913471221923828125e-01;5.065265297889709473e-01
5.260280966758728027e-01;2.784592211246490479e-01;-9.067657589912414551e-02
-4.238592982292175293e-01;-5.269409418106079102e-01;-3.717926442623138428e-01
2.934520244598388672e-01;2.357720136642456055e-01;3.568194806575775146e-01
-4.418778419494628906e-01;-2.462048530578613281e-01;-5.156231522560119629e-01
4.146540760993957520e-01;-6.241411566734313965e-01;4.744835495948791504e-01
3.970101475715637207e-01;-1.456863135099411011e-01;-4.596377313137054443e-01
-5.509384721517562866e-02;6.763531565666198730e-01;5.004686713218688965e-01
1.309794038534164429e-01;-8.809930086135864258e-02;-1.575104743242263794e-01
3.522655367851257324e-02;5.105053782463073730e-01;4.678179323673248291e-01
2.142221182584762573e-01;-5.797904729843139648e-01;4.219555109739303589e-02
-2.203147709369659424e-01;-6.206700205802917480e-02;-1.271580457687377930e-01
1.064138263463973999e-01;-1.704140752553939819e-01;1.583486497402191162e-01
-3.795151114463806152e-01;1.901580691337585449e-01;3.383890092372894287e-01
3.099382519721984863e-01;-7.210151106119155884e-02;-1.555462777614593506e-01
2.588495314121246338e-01;-5.618156865239143372e-02;-2.605779170989990234e-01
2.780437767505645752e-01;-4.257625341415405273e-02;-5.472883582115173340e-01
-2.627933621406555176e-01;-2.500312030315399170e-02;-4.290103614330291748e-01
4.288674294948577881e-01;-4.746931791305541992e-01;-2.609227597713470459e-01
-4.418778419494628906e-01;8.569367974996566772e-02;-4.230519235134124756e-01
-9.958689659833908081e-02;-4.434295743703842163e-02;-4.891427755355834961e-01
5.078400373458862305e-01;3.103164732456207275e-01;2.226855605840682983e-01
-4.737329483032226562e-01;2.207222282886505127e-01;-2.083364278078079224e-01
-2.628833353519439697e-01;-6.260863691568374634e-02;-3.841325342655181885e-01
3.413723781704902649e-02;-3.684802055358886719e-01;7.832754403352737427e-02
4.711541533470153809e-01;-1.757066883146762848e-02;-5.286500453948974609e-01
9.810681641101837158e-02;-7.795325666666030884e-02;1.957135349512100220e-01
-3.766253888607025146e-01;-6.599474698305130005e-02;2.005447745323181152e-01
-7.021759450435638428e-02;2.534942328929901123e-02;2.424813359975814819e-01
7.690146565437316895e-02;6.037158966064453125e-01;4.711144566535949707e-01
-4.104770123958587646e-01;-5.418288707733154297e-01;-2.505468428134918213e-01
2.333082556724548340e-01;-2.514363639056682587e-02;-4.278657436370849609e-01
-5.055902004241943359e-01;2.516352832317352295e-01;-2.594074308872222900e-01
-5.555683374404907227e-01;3.103164732456207275e-01;2.406183183193206787e-01
4.288674294948577881e-01;-4.746643602848052979e-01;-4.929755926132202148e-01
1.869142949581146240e-01;3.557801544666290283e-01;4.053061902523040771e-01
3.970101475715637207e-01;4.497701525688171387e-01;4.341743588447570801e-01
-5.574915558099746704e-02;-2.537853121757507324e-01;1.246721670031547546e-01
-2.256418615579605103e-01;-1.038730368018150330e-01;-4.806014150381088257e-02
1.798331141471862793e-01;-7.787018269300460815e-02;1.556136296130716801e-03
3.149388134479522705e-01;1.693563163280487061e-01;3.614481687545776367e-01
-1.453435719013214111e-01;2.769545614719390869e-01;3.777908980846405029e-01
1.633973568677902222e-01;1.565494686365127563e-01;2.992182970046997070e-01
-2.442836314439773560e-01;-4.972648918628692627e-01;6.065019965171813965e-02
-4.418778419494628906e-01;-1.758572310209274292e-01;-1.965787261724472046e-01
-2.303887754678726196e-01;-7.440690696239471436e-02;1.971468180418014526e-01
2.498015463352203369e-01;4.457886219024658203e-01;4.073157012462615967e-01
-4.934270083904266357e-01;3.103164732456207275e-01;-3.836652934551239014e-01
-4.230395257472991943e-01;-1.990271657705307007e-01;-1.444246917963027954e-01
-2.695876061916351318e-01;6.201495528221130371e-01;4.777608215808868408e-01
-1.447133440524339676e-02;-5.134095624089241028e-02;2.064659595489501953e-01
4.947980046272277832e-01;-3.432029858231544495e-02;-5.307075381278991699e-01
1.469924598932266235e-01;-3.993585705757141113e-01;6.585057824850082397e-02
4.288674294948577881e-01;-2.035824507474899292e-01;-4.917638003826141357e-01
4.288674294948577881e-01;5.286778323352336884e-03;-5.034908056259155273e-01
4.149760007858276367e-01;-6.143815815448760986e-02;-1.322805583477020264e-01
4.202802181243896484e-01;3.103164732456207275e-01;-1.864479929208755493e-01
5.032835006713867188e-01;-7.665676623582839966e-02;-5.359056591987609863e-01
2.124978303909301758e-01;7.206525206565856934e-01;5.350447893142700195e-01
4.925798177719116211e-01;2.729361057281494141e-01;-2.592339180409908295e-02
2.680584192276000977e-01;-2.034747228026390076e-02;-4.861966073513031006e-01
-5.693025588989257812e-01;2.947518229484558105e-01;-2.300366461277008057e-01
6.729564163833856583e-03;6.540353298187255859e-01;5.258064866065979004e-01
-4.228506386280059814e-01;3.103164732456207275e-01;3.759037852287292480e-01
1.740157455205917358e-01;6.361278295516967773e-01;4.994497001171112061e-01
4.631602168083190918e-01;2.784592211246490479e-01;-1.268111765384674072e-01
4.288674294948577881e-01;-5.835602879524230957e-01;4.168492257595062256e-01
7.046233396977186203e-03;-1.837444901466369629e-01;1.186013892292976379e-01
-5.959922447800636292e-02;3.283971222117543221e-03;2.550958693027496338e-01
-4.974091947078704834e-01;3.103164732456207275e-01;-3.216273188591003418e-01
9.188764728605747223e-03;-5.869517475366592407e-02;-2.608865499496459961e-01
-3.916746377944946289e-01;-1.378953754901885986e-01;2.136503458023071289e-01
-5.959922447800636292e-02;3.816687166690826416e-01;4.067185819149017334e-01
-3.070884644985198975e-01;-1.346256434917449951e-01;1.384494453668594360e-01
-2.465945482254028320e-01;-1.135141924023628235e-01;3.045426309108734131e-02
-9.616144001483917236e-02;3.276661336421966553e-01;3.595876991748809814e-01
1.214687824249267578e-01;4.771215617656707764e-01;4.543337821960449219e-01
5.350554585456848145e-01;2.924359142780303955e-01;-3.060434162616729736e-01
-4.100205898284912109e-01;-4.739315509796142578e-01;-1.237838640809059143e-01
-4.677811264991760254e-01;2.784592211246490479e-01;2.644810080528259277e-01
2.948110997676849365e-01;-1.052289456129074097e-01;2.190436869859695435e-01
-4.418778419494628906e-01;-4.486590325832366943e-01;-4.237656891345977783e-01
4.288674294948577881e-01;-2.365246117115020752e-01;1.808739155530929565e-01
2.645623683929443359e-01;-4.962724074721336365e-02;-2.284687310457229614e-01
4.636502861976623535e-01;1.767609119415283203e-01;3.431243002414703369e-01
-2.634827196598052979e-01;-1.207850128412246704e-01;8.967837691307067871e-02
5.138187408447265625e-01;-8.930262178182601929e-02;-5.681037306785583496e-01
4.925798177719116211e-01;2.196620255708694458e-01;2.059992700815200806e-01
4.925798177719116211e-01;2.304532676935195923e-01;-4.597260653972625732e-01
-3.066061139106750488e-01;-1.276999861001968384e-01;1.459896713495254517e-01
4.231905341148376465e-01;3.103164732456207275e-01;2.445373982191085815e-01
3.970101475715637207e-01;-4.721606671810150146e-01;-2.897226214408874512e-01
5.138187408447265625e-01;-7.971410453319549561e-02;-5.093695521354675293e-01
1.453760713338851929e-01;1.212522909045219421e-01;3.105487823486328125e-01
-7.943509146571159363e-03;-6.068860366940498352e-02;-3.997703790664672852e-01
-1.764056235551834106e-01;4.163228571414947510e-01;4.169916808605194092e-01
2.802037596702575684e-01;-2.933127582073211670e-01;1.372432410717010498e-01
1.277687251567840576e-01;-7.744804769754409790e-02;-5.680989027023315430e-01
-2.982951700687408447e-01;-1.239700987935066223e-01;1.156156212091445923e-01
-2.167400270700454712e-01;-1.119054853916168213e-01;6.424023956060409546e-02
2.521231472492218018e-01;1.716896295547485352e-01;3.556740581989288330e-01
3.520432487130165100e-02;-9.854540973901748657e-02;-9.145237505435943604e-02
-2.607028782367706299e-01;-8.807788044214248657e-02;-1.767121851444244385e-01
-4.100205898284912109e-01;-1.792199015617370605e-01;6.014158204197883606e-02
-3.528540730476379395e-01;1.787593513727188110e-01;2.994274497032165527e-01
4.154659509658813477e-01;2.483626902103424072e-01;3.619086146354675293e-01
-4.418778419494628906e-01;-4.229300916194915771e-01;-4.992285370826721191e-01
4.288674294948577881e-01;-1.942833364009857178e-01;-1.372062861919403076e-01
4.035275578498840332e-01;-2.326607108116149902e-01;2.495953589677810669e-01
-3.617343604564666748e-01;-1.565622985363006592e-01;1.295852214097976685e-01
1.740157455205917358e-01;5.233619213104248047e-01;4.616547524929046631e-01
1.740157455205917358e-01;3.319810628890991211e-01;3.813126981258392334e-01
4.658880829811096191e-02;-5.616585910320281982e-02;2.203409671783447266e-01
4.238619804382324219e-01;-2.051339149475097656e-01;-9.469553083181381226e-02
-1.519950386136770248e-02;-1.720383614301681519e-01;1.920487582683563232e-01
-1.112632751464843750e-01;-9.596104174852371216e-02;6.619680672883987427e-02
3.970101475715637207e-01;-9.864737093448638916e-02;-3.984788656234741211e-01
3.176449835300445557e-01;4.572511911392211914e-01;4.119403362274169922e-01
4.658880829811096191e-02;6.762637495994567871e-01;5.004504919052124023e-01
1.740157455205917358e-01;3.853308856487274170e-01;4.027906358242034912e-01
2.469100058078765869e-01;-1.479784846305847168e-01;-5.601785778999328613e-01
5.108830332756042480e-01;3.103164732456207275e-01;-2.795426249504089355e-01
-4.418778419494628906e-01;-2.184568047523498535e-01;8.594248443841934204e-02
-2.868737578392028809e-01;-2.038127630949020386e-01;1.104921549558639526e-01
-3.617163896560668945e-01;-5.011968687176704407e-02;-2.244579493999481201e-01
-2.127826586365699768e-02;-7.827161997556686401e-02;4.825846292078495026e-03
2.034777253866195679e-01;-8.527705818414688110e-02;6.188449263572692871e-02
-4.979670941829681396e-01;2.785309031605720520e-02;-5.230741500854492188e-01
-4.418778419494628906e-01;1.443016808480024338e-02;-4.777316749095916748e-01
-4.164755940437316895e-01;-8.417525887489318848e-02;-2.084920406341552734e-01
5.350554585456848145e-01;2.982110977172851562e-01;1.778686493635177612e-01
-4.134972095489501953e-01;-8.061592280864715576e-02;-1.512430608272552490e-01
-1.870261579751968384e-01;2.276971489191055298e-01;3.271708488464355469e-01
-7.850690931081771851e-02;2.988774180412292480e-01;3.823170363903045654e-01
-4.737329483032226562e-01;-1.462563127279281616e-01;-4.801181256771087646e-01
-4.675705432891845703e-01;3.103164732456207275e-01;1.513564884662628174e-01
-4.100205898284912109e-01;-5.190008282661437988e-01;-3.615903258323669434e-01
1.740157455205917358e-01;2.801320701837539673e-02;2.627482116222381592e-01
-4.123226702213287354e-01;-5.453113466501235962e-02;-1.885286122560501099e-01
-4.737750291824340820e-01;2.147468477487564087e-01;-4.117764532566070557e-01
4.288674294948577881e-01;-7.722713798284530640e-02;-3.180344998836517334e-01
3.942236006259918213e-01;6.688104867935180664e-01;5.317841768264770508e-01
-3.731513023376464844e-01;-5.698612332344055176e-01;6.567864120006561279e-02
-5.287837609648704529e-02;-1.408753171563148499e-02;2.558674812316894531e-01
-2.837600000202655792e-02;-5.436414480209350586e-02;2.052445262670516968e-01
-9.882131963968276978e-02;-3.287725746631622314e-01;9.437218308448791504e-02
2.486419631168246269e-03;-5.417999625205993652e-01;8.294485509395599365e-03
-3.919122219085693359e-01;-5.762163400650024414e-01;2.912569418549537659e-02
1.254769265651702881e-01;-8.010812103748321533e-02;1.948429495096206665e-01
-4.418778419494628906e-01;-5.017330050468444824e-01;-5.591054558753967285e-01
-2.866162359714508057e-01;-2.975395508110523224e-02;-3.903113901615142822e-01
-4.100205898284912109e-01;5.022364854812622070e-01;4.534669816493988037e-01
4.925798177719116211e-01;2.620933949947357178e-01;-2.622131705284118652e-01
3.178792297840118408e-01;-2.566369809210300446e-02;2.511903941631317139e-01
2.342391908168792725e-01;-5.186372995376586914e-02;-4.716452360153198242e-01
1.633973568677902222e-01;7.283845543861389160e-01;5.408731102943420410e-01
2.545053362846374512e-01;-8.057432621717453003e-02;-3.890469670295715332e-02
1.698720902204513550e-01;-2.384719103574752808e-01;1.707212477922439575e-01
-2.046741247177124023e-01;-2.213442772626876831e-01;2.064894288778305054e-01
-1.216575056314468384e-01;-4.295909777283668518e-02;-5.638648867607116699e-01
3.076450526714324951e-01;2.378646582365036011e-01;3.920196294784545898e-01
1.492979526519775391e-01;5.002035498619079590e-01;4.636596441268920898e-01
-5.136465430259704590e-01;3.103164732456207275e-01;2.138335071504116058e-02
-4.467646181583404541e-01;2.930642664432525635e-01;4.566940963268280029e-01
3.488352000713348389e-01;9.407982230186462402e-02;2.652162015438079834e-01
5.720717832446098328e-02;-3.853730261325836182e-01;8.824822306632995605e-02
3.191102743148803711e-01;-4.083684086799621582e-01;6.221179291605949402e-02
6.898039579391479492e-02;2.443940341472625732e-01;3.946578502655029297e-01
9.119509160518646240e-02;5.841197371482849121e-01;4.631974101066589355e-01
-4.737329483032226562e-01;2.490108907222747803e-01;1.234977543354034424e-01
-3.820140063762664795e-01;-1.484310030937194824e-01;-5.564928650856018066e-01
-1.980027109384536743e-01;-5.042693018913269043e-02;-4.833473861217498779e-01
2.492832392454147339e-02;-1.225891113281250000e-01;1.043697819113731384e-01
1.523196548223495483e-01;-2.665095031261444092e-01;1.538766622543334961e-01
1.006924733519554138e-01;-9.711663238704204559e-03;-5.535529255867004395e-01
1.084464639425277710e-01;-1.253204047679901123e-01;-5.418796539306640625e-01
-1.913215219974517822e-01;-3.644178807735443115e-02;-5.951591134071350098e-01
7.797929644584655762e-02;-1.900307536125183105e-01;2.191387712955474854e-01
1.266350597143173218e-01;5.935143828392028809e-01;4.669929444789886475e-01
-5.693025588989257812e-01;2.881620824337005615e-01;-1.680473685264587402e-01
-4.568060040473937988e-01;-9.544359147548675537e-02;-1.167158633470535278e-01
5.138187408447265625e-01;2.710067033767700195e-01;-4.621217250823974609e-01
-2.433389872312545776e-01;3.500937521457672119e-01;4.030088186264038086e-01
-1.870261579751968384e-01;2.911724448204040527e-01;3.472997844219207764e-01
3.887784183025360107e-01;-4.764182269573211670e-01;3.471943736076354980e-02
9.610935300588607788e-02;-3.887997195124626160e-02;-3.159912228584289551e-01
-7.449823617935180664e-02;5.226879119873046875e-01;4.383783638477325439e-01
-2.627089619636535645e-01;4.658389985561370850e-01;4.497716426849365234e-01
4.607247114181518555e-01;2.162039726972579956e-01;-2.508561909198760986e-01
3.874394893646240234e-01;-4.591502994298934937e-02;-5.200912952423095703e-01
-2.415076941251754761e-01;-4.914927780628204346e-01;9.734801203012466431e-02
-4.285407960414886475e-01;-5.478485822677612305e-01;-2.015142440795898438e-01
7.298818230628967285e-02;-8.098490536212921143e-02;-2.344716936349868774e-01
4.852304160594940186e-01;3.103164732456207275e-01;-7.135987281799316406e-02
-5.693025588989257812e-01;2.838987112045288086e-01;2.733211219310760498e-01
3.970101475715637207e-01;-5.129030346870422363e-01;3.224580585956573486e-01
-4.418778419494628906e-01;1.528315544128417969e-01;-4.747138619422912598e-01
2.048001885414123535e-01;-9.719669818878173828e-02;-1.024372205138206482e-01
-4.071193337440490723e-01;4.637316167354583740e-01;4.489245116710662842e-01
1.796659529209136963e-01;3.493480384349822998e-01;4.027075171470642090e-01
4.288674294948577881e-01;2.272833138704299927e-01;-4.666526615619659424e-01
-5.954934284090995789e-02;-2.280462086200714111e-01;1.350709497928619385e-01
1.092312112450599670e-01;-9.897651523351669312e-02;-8.794112503528594971e-02
-1.990557163953781128e-01;-7.467585057020187378e-02;-2.446139790117740631e-02
3.970101475715637207e-01;-2.098712325096130371e-01;1.039677783846855164e-01
2.871447205543518066e-01;-1.431267857551574707e-01;1.693698316812515259e-01
4.076306819915771484e-01;2.856822013854980469e-01;7.000982761383056641e-02
-3.038325607776641846e-01;8.107619732618331909e-02;2.699456810951232910e-01
4.925798177719116211e-01;2.212502807378768921e-01;6.879281252622604370e-02
-2.764349579811096191e-01;-7.632172852754592896e-02;-3.838285803794860840e-02
-2.036525309085845947e-01;4.897561669349670410e-01;4.250794351100921631e-01
5.941735953092575073e-02;-4.631582647562026978e-02;-5.168282389640808105e-01
2.241969108581542969e-01;-1.499781161546707153e-01;1.666027605533599854e-01
9.461996704339981079e-02;-1.272867769002914429e-01;1.757823079824447632e-01
-5.389242768287658691e-01;3.103164732456207275e-01;-1.240434646606445312e-01
3.960795700550079346e-01;-1.495976746082305908e-01;-5.469906330108642578e-01
-4.418778419494628906e-01;-7.714530825614929199e-02;-3.292838335037231445e-01
3.218243420124053955e-01;4.622817337512969971e-01;4.139727354049682617e-01
-3.953681588172912598e-01;1.790979504585266113e-01;3.373409509658813477e-01
2.725520431995391846e-01;-4.523255676031112671e-02;-4.839034080505371094e-01
-4.103455841541290283e-01;-5.286721140146255493e-02;-5.650812387466430664e-01
-1.958779990673065186e-01;3.705768287181854248e-01;3.769287168979644775e-01
9.045578539371490479e-03;5.912392139434814453e-01;4.660809636116027832e-01
-1.687578260898590088e-01;-4.536576569080352783e-01;7.826600968837738037e-02
4.321305155754089355e-01;-2.534483373165130615e-01;-5.576112270355224609e-01
7.029046863317489624e-02;-8.335187286138534546e-02;-2.151970416307449341e-01
4.925798177719116211e-01;2.339156419038772583e-01;-2.675376236438751221e-01
-5.959922447800636292e-02;6.365704536437988281e-01;5.029101371765136719e-01
-2.532012462615966797e-01;-4.004869610071182251e-02;-3.762808144092559814e-01
4.819583594799041748e-01;3.103164732456207275e-01;-2.450847923755645752e-01
-4.100205898284912109e-01;-5.790693163871765137e-01;4.048403501510620117e-01
2.371778786182403564e-01;-1.081032902002334595e-01;-5.718621611595153809e-01
-3.238620758056640625e-01;-4.206951260566711426e-01;9.158336371183395386e-02
-1.870261579751968384e-01;1.945530772209167480e-01;3.242883682250976562e-01
2.871565818786621094e-01;-1.301555037498474121e-01;1.659874171018600464e-01
2.802037596702575684e-01;5.702000260353088379e-01;4.646435678005218506e-01
9.610578417778015137e-02;-4.552448540925979614e-02;-2.646181285381317139e-01
4.607247114181518555e-01;2.411596179008483887e-01;-2.637815773487091064e-01
-4.134545624256134033e-01;-1.454016268253326416e-01;-5.764410495758056641e-01
1.633973568677902222e-01;5.700113177299499512e-01;4.843718707561492920e-01
3.970101475715637207e-01;-5.047676563262939453e-01;-1.667371988296508789e-01
-5.515223741531372070e-01;2.784592211246490479e-01;-5.144981741905212402e-01
4.288674294948577881e-01;-5.767936632037162781e-02;-4.865262806415557861e-01
-1.645435243844985962e-01;-6.439544260501861572e-02;-1.081906929612159729e-01
3.964445292949676514e-01;2.141384035348892212e-01;3.137208223342895508e-01
4.288674294948577881e-01;-5.692955851554870605e-01;2.564181573688983917e-02
3.134446740150451660e-01;-1.232706010341644287e-01;1.099193543195724487e-01
1.261571645736694336e-01;2.476106733083724976e-01;3.616029024124145508e-01
1.768719255924224854e-01;-4.417644068598747253e-02;-2.728537321090698242e-01
-4.996511638164520264e-01;2.784592211246490479e-01;-2.021669745445251465e-01
3.499957621097564697e-01;3.689012229442596436e-01;3.762462735176086426e-01
-4.866372346878051758e-01;2.147468477487564087e-01;1.626665443181991577e-01
8.686289191246032715e-02;9.644263237714767456e-02;3.005249500274658203e-01
-2.297065258026123047e-01;-1.007320731878280640e-01;-7.364253699779510498e-02
2.632351219654083252e-01;-8.847746998071670532e-02;-5.694528222084045410e-01
2.654075622558593750e-02;6.587448716163635254e-01;5.277092456817626953e-01
-4.100205898284912109e-01;-1.789017170667648315e-01;-1.587930172681808472e-01
4.288674294948577881e-01;-9.893445670604705811e-02;-1.726598143577575684e-01
1.633973568677902222e-01;-7.231156527996063232e-02;2.027971595525741577e-01
3.113715350627899170e-01;-1.102038621902465820e-01;6.979759782552719116e-02
4.925798177719116211e-01;2.272545993328094482e-01;-1.674259826540946960e-02
6.239713728427886963e-02;-1.146676316857337952e-01;1.762396693229675293e-01
5.349977612495422363e-01;3.103164732456207275e-01;6.940704584121704102e-02
-4.631145894527435303e-01;-5.508052557706832886e-02;-3.084727525711059570e-01
4.076306819915771484e-01;3.023180365562438965e-01;3.148308992385864258e-01
1.062842532992362976e-01;-1.007101535797119141e-01;7.096266001462936401e-02
-2.175240516662597656e-01;-1.487588509917259216e-02;-5.114927887916564941e-01
4.846324622631072998e-01;2.147468477487564087e-01;-3.881555497646331787e-01
-5.235557556152343750e-01;2.784592211246490479e-01;3.218650519847869873e-01
3.617382049560546875e-01;-1.270018965005874634e-01;1.403045654296875000e-01
-7.551612704992294312e-02;7.769840769469738007e-03;2.303464859724044800e-01
1.229006722569465637e-01;5.032173544168472290e-02;2.475378662347793579e-01
4.421972036361694336e-01;3.103164732456207275e-01;2.394273579120635986e-01
-4.883055984973907471e-01;-8.667548745870590210e-02;-5.692316889762878418e-01
4.957388043403625488e-01;-5.417934656143188477e-01;-5.609213113784790039e-01
-2.932142019271850586e-01;3.416503369808197021e-01;3.965598344802856445e-01
4.888142943382263184e-01;2.518990635871887207e-01;-4.634680747985839844e-01
3.293173909187316895e-01;5.792413353919982910e-01;4.955947995185852051e-01
5.350554585456848145e-01;3.039280474185943604e-01;4.581141099333763123e-02
-1.584533303976058960e-01;1.882984042167663574e-01;3.376376032829284668e-01
3.970101475715637207e-01;-4.774078428745269775e-01;-1.189760938286781311e-01
-2.671843767166137695e-01;1.741919517517089844e-01;2.975854873657226562e-01
4.216939955949783325e-02;-1.327465474605560303e-02;-5.245338082313537598e-01
-9.632314741611480713e-02;6.030873060226440430e-01;5.052281618118286133e-01
-3.998856246471405029e-01;-4.278548434376716614e-02;2.442726790904998779e-01
-2.439124286174774170e-01;-8.432885259389877319e-02;5.416144430637359619e-02
-3.778939843177795410e-01;-6.287397351115942001e-03;2.246670275926589966e-01
4.683855772018432617e-01;2.784592211246490479e-01;-2.115876376628875732e-01
-3.709106445312500000e-01;2.415217608213424683e-01;3.247839212417602539e-01
5.237412452697753906e-01;2.784592211246490479e-01;-5.082006454467773438e-01
-4.443271160125732422e-01;-2.971828579902648926e-01;-5.629811882972717285e-01
3.109492659568786621e-01;6.336048841476440430e-01;4.831886291503906250e-01
1.123101264238357544e-01;-9.319990128278732300e-02;-4.580058529973030090e-02
-5.261708498001098633e-01;3.103164732456207275e-01;2.897976040840148926e-01
3.970101475715637207e-01;-4.429023563861846924e-01;-2.466907650232315063e-01
-5.105416774749755859e-01;2.784592211246490479e-01;4.521385729312896729e-01
-4.100205898284912109e-01;-1.131594851613044739e-01;-1.077202856540679932e-01
-1.764056235551834106e-01;-2.819459438323974609e-01;1.213730797171592712e-01
3.892837762832641602e-01;4.752852618694305420e-01;4.535925984382629395e-01
-2.378393411636352539e-01;2.664425671100616455e-01;4.035666882991790771e-01
-3.038325607776641846e-01;9.740030020475387573e-02;2.903927266597747803e-01
-3.604933321475982666e-01;-8.959461748600006104e-02;-4.001158848404884338e-02
1.490193307399749756e-01;-1.448085755109786987e-01;2.307581752538681030e-01
-2.535364925861358643e-01;-5.755625963211059570e-01;2.740058861672878265e-02
-2.348771095275878906e-01;5.284611582756042480e-01;4.407169818878173828e-01
4.658880829811096191e-02;4.245849847793579102e-01;4.129396080970764160e-01
-2.181574255228042603e-01;-4.799383878707885742e-01;6.764873862266540527e-02
-1.665558069944381714e-01;-4.503627121448516846e-02;2.433633059263229370e-01
-1.595557481050491333e-01;1.963212490081787109e-01;3.752338886260986328e-01
4.617802798748016357e-01;3.103164732456207275e-01;-3.598775863647460938e-01
-5.250040888786315918e-01;-6.241411566734313965e-01;-5.786350369453430176e-01
-2.327109426259994507e-01;4.874480366706848145e-01;4.241468906402587891e-01
-9.100370854139328003e-02;1.959030777215957642e-01;3.063541650772094727e-01
4.076306819915771484e-01;2.879170775413513184e-01;-4.446455836296081543e-01
2.547345757484436035e-01;3.022719621658325195e-01;3.493322432041168213e-01
1.096473112702369690e-01;7.086780667304992676e-01;5.135201811790466309e-01
-3.961721956729888916e-01;-2.347718030214309692e-01;2.010652869939804077e-01
1.852947920560836792e-01;-5.742791667580604553e-02;-1.649355292320251465e-01
-1.721223443746566772e-01;-3.429139032959938049e-02;-3.533633053302764893e-01
2.007933855056762695e-01;1.230699717998504639e-01;3.112832009792327881e-01
2.329088300466537476e-01;-5.544513091444969177e-02;-1.810845136642456055e-01
-4.737329483032226562e-01;2.145298421382904053e-01;-4.525938332080841064e-01
-1.635155081748962402e-01;2.614073455333709717e-01;3.328184783458709717e-01
-4.748552143573760986e-01;-3.375158309936523438e-01;-5.358396172523498535e-01
-4.748092591762542725e-01;2.784592211246490479e-01;2.174734324216842651e-01
-2.605984359979629517e-02;-6.021037697792053223e-02;-1.422819644212722778e-01
-5.304133296012878418e-01;-5.600918531417846680e-01;-5.631682276725769043e-01
-2.932142019271850586e-01;4.794570803642272949e-01;4.382412135601043701e-01
-4.418778419494628906e-01;-2.027946561574935913e-01;1.784922741353511810e-02
4.075674414634704590e-01;-4.812348186969757080e-01;-5.855816006660461426e-01
4.080714285373687744e-01;-1.372309029102325439e-01;2.236134260892868042e-01
-4.568690955638885498e-01;-6.891194730997085571e-02;-3.328042030334472656e-01
-1.507991254329681396e-01;-2.803750336170196533e-02;-5.941271781921386719e-01
-4.737329483032226562e-01;2.612138092517852783e-01;1.647998541593551636e-01
4.288674294948577881e-01;-4.310335218906402588e-01;-4.897140860557556152e-01
-1.497707962989807129e-01;6.189653277397155762e-01;4.772754013538360596e-01
-2.090537995100021362e-01;-4.864966273307800293e-01;3.064080141484737396e-02
2.952786386013031006e-01;-1.636508107185363770e-02;-4.993638396263122559e-01
3.274526596069335938e-01;-6.625958532094955444e-02;-1.548290103673934937e-01
3.943064808845520020e-01;-8.411099016666412354e-02;5.238701775670051575e-02
4.288674294948577881e-01;-5.162832736968994141e-01;2.357608973979949951e-01
-4.100205898284912109e-01;-3.498599231243133545e-01;1.141961887478828430e-01
-4.734104871749877930e-01;-3.396166861057281494e-02;-5.306640863418579102e-01
-2.265968918800354004e-01;-4.816848635673522949e-01;8.850602060556411743e-02
-9.611951187252998352e-03;-1.105017587542533875e-01;5.918370559811592102e-03
7.282889634370803833e-02;-9.981029480695724487e-02;-4.661175236105918884e-02
4.288674294948577881e-01;-1.421823352575302124e-01;-5.416082739830017090e-01
-4.418778419494628906e-01;-1.540177613496780396e-01;-1.895822733640670776e-01
3.970101475715637207e-01;-5.221818685531616211e-01;3.449893295764923096e-01
2.802037596702575684e-01;-2.885252535343170166e-01;1.220258474349975586e-01
-4.737329483032226562e-01;2.325024902820587158e-01;2.760450839996337891e-01
3.970101475715637207e-01;-5.264696478843688965e-01;-3.252837955951690674e-01
-5.183135867118835449e-01;2.133943736553192139e-01;-5.002916455268859863e-01
2.995221614837646484e-01;2.683670818805694580e-01;3.990419805049896240e-01
-2.401941120624542236e-01;-5.614799633622169495e-02;-1.753599345684051514e-01
-5.055902004241943359e-01;2.415795773267745972e-01;3.126716986298561096e-02
2.576829791069030762e-01;1.908997148275375366e-01;3.043357729911804199e-01
1.069991663098335266e-02;-1.543077081441879272e-02;-5.069732666015625000e-01
1.899109482765197754e-01;-1.775914728641510010e-01;2.241636961698532104e-01
2.956995368003845215e-01;-7.671146653592586517e-03;-5.701721906661987305e-01
-2.311742603778839111e-01;2.682308554649353027e-01;3.699345886707305908e-01
4.090754985809326172e-01;-2.069662213325500488e-01;2.527506649494171143e-01
-5.219440460205078125e-01;1.548553705215454102e-01;-5.074799656867980957e-01
-2.244687974452972412e-01;-7.248226087540388107e-03;-5.736168026924133301e-01
-3.894488513469696045e-01;-7.125323265790939331e-02;-2.624285221099853516e-01
-4.265771508216857910e-01;-1.272220760583877563e-01;1.420985311269760132e-01
-4.100205898284912109e-01;-5.809306502342224121e-01;8.716461062431335449e-02
-3.343699872493743896e-01;-2.456912994384765625e-01;1.622875183820724487e-01
2.052630484104156494e-01;1.426309794187545776e-01;2.848342657089233398e-01
3.430967628955841064e-01;-3.829645216464996338e-01;7.247823476791381836e-02
-5.159090161323547363e-01;-5.543470382690429688e-01;-5.945580005645751953e-01
1.292880922555923462e-01;-7.092324644327163696e-02;-3.164230585098266602e-01
3.373246490955352783e-01;-1.280812546610832214e-02;-5.283332467079162598e-01
-4.065199792385101318e-01;4.660992920398712158e-01;4.498811066150665283e-01
-4.418778419494628906e-01;2.152259051799774170e-01;-4.937706887722015381e-01
-4.100205898284912109e-01;-5.463507771492004395e-01;4.164705872535705566e-01
-3.402010202407836914e-01;-4.249162375926971436e-01;8.987797051668167114e-02
-1.797166019678115845e-01;-1.492189168930053711e-01;1.325525492429733276e-01
3.969867229461669922e-01;-1.359266042709350586e-02;-5.219435691833496094e-01
-5.024864673614501953e-01;3.103164732456207275e-01;-2.525983154773712158e-01
-5.403122901916503906e-01;-4.506285190582275391e-01;-5.497279167175292969e-01
-2.355664910282939672e-04;-1.150953173637390137e-01;2.150573730468750000e-01
-4.737329483032226562e-01;-2.879030704498291016e-01;-5.146725773811340332e-01
3.650545179843902588e-01;9.351339191198348999e-02;2.649873197078704834e-01
-3.791421949863433838e-01;-5.404204726219177246e-01;8.851878345012664795e-03
-4.100205898284912109e-01;-5.292328596115112305e-01;2.227863371372222900e-01
3.946076035499572754e-01;1.116249039769172668e-01;3.066590428352355957e-01
-4.968706965446472168e-01;3.103164732456207275e-01;-4.933727383613586426e-01
-5.385704040527343750e-01;2.784592211246490479e-01;-5.999024957418441772e-02
-5.015640053898096085e-03;-1.070789098739624023e-01;-2.196045964956283569e-02
2.288758754730224609e-01;1.708097755908966064e-01;2.962190508842468262e-01
4.658880829811096191e-02;-2.583949267864227295e-01;1.310432553291320801e-01
-1.085978299379348755e-01;-3.770069405436515808e-02;2.463270723819732666e-01
2.050095945596694946e-01;7.218638062477111816e-01;5.320471525192260742e-01
-3.384601771831512451e-01;-8.524593710899353027e-02;6.163100153207778931e-02
-4.347958266735076904e-01;-5.252730846405029297e-01;-3.853746950626373291e-01
-3.139761984348297119e-01;-2.411180734634399414e-02;-4.362709224224090576e-01
-2.292535156011581421e-01;2.764364480972290039e-01;3.388942182064056396e-01
-5.450566411018371582e-01;-3.451777994632720947e-01;-5.688745379447937012e-01
-4.540813565254211426e-01;2.784592211246490479e-01;9.796423465013504028e-02
-4.418778419494628906e-01;-5.083609223365783691e-01;-2.403724491596221924e-01
6.951377540826797485e-02;-6.570032984018325806e-02;-3.589614927768707275e-01
2.429485507309436798e-02;7.786689400672912598e-01;5.761605501174926758e-01
3.970101475715637207e-01;-5.489572286605834961e-01;4.670102894306182861e-01
-4.206389486789703369e-01;2.997763156890869141e-01;-1.959240138530731201e-01
-1.711548417806625366e-01;1.722501367330551147e-01;3.542869687080383301e-01
3.970101475715637207e-01;6.406546831130981445e-01;5.114343166351318359e-01
-2.366525530815124512e-01;-6.666513532400131226e-02;-1.548787951469421387e-01
1.784388571977615356e-01;1.694512814283370972e-01;3.612131178379058838e-01
4.607247114181518555e-01;-1.656108796596527100e-01;-4.698641002178192139e-01
-4.458224475383758545e-01;3.103164732456207275e-01;-4.347972869873046875e-01
8.080381900072097778e-02;-3.572459816932678223e-01;1.172177568078041077e-01
1.724627017974853516e-01;-2.131180018186569214e-01;1.411004811525344849e-01
-2.791753709316253662e-01;4.822178483009338379e-01;4.220337867736816406e-01
4.288674294948577881e-01;-6.005456447601318359e-01;2.704811692237854004e-01
3.970101475715637207e-01;6.792054325342178345e-02;2.878112494945526123e-01
4.288674294948577881e-01;-1.323572844266891479e-01;4.316217079758644104e-02
4.288674294948577881e-01;-1.115477904677391052e-01;-2.484259307384490967e-01
4.548744112253189087e-02;-9.396839141845703125e-02;1.326649188995361328e-01
-1.905708909034729004e-01;-4.489047527313232422e-01;8.018624782562255859e-02
-5.377944111824035645e-01;2.784592211246490479e-01;3.843353688716888428e-01
3.927109539508819580e-01;3.676939606666564941e-01;4.101216197013854980e-01
3.349008262157440186e-01;-5.422922223806381226e-02;2.396490722894668579e-01
4.658880829811096191e-02;4.192891716957092285e-01;4.005727171897888184e-01
-3.519679605960845947e-01;-5.742791295051574707e-01;2.422272786498069763e-02
-5.166689753532409668e-01;3.103164732456207275e-01;7.917632162570953369e-02
-2.482179403305053711e-01;-8.586227148771286011e-02;6.665100157260894775e-02
-2.340292930603027344e-01;5.647636055946350098e-01;4.553838670253753662e-01
-5.454787611961364746e-02;-3.869672119617462158e-01;1.052099466323852539e-01
3.970101475715637207e-01;-4.113975763320922852e-01;-4.819627106189727783e-01
4.422485232353210449e-01;3.103164732456207275e-01;2.396235167980194092e-01
6.045249477028846741e-02;-5.287014842033386230e-01;4.795227572321891785e-02
4.607247114181518555e-01;1.873395144939422607e-01;-4.591981768608093262e-01
