6.006883382797241211e-01;1.582059562206268311e-01;4.176845848560333252e-01
-4.616515338420867920e-01;-2.582960724830627441e-01;1.712637692689895630e-01
5.581152439117431641e-01;-4.744220972061157227e-01;3.579676747322082520e-01
2.323782294988632202e-01;-3.036219775676727295e-01;-2.682351469993591309e-01
5.607836246490478516e-01;-2.608332633972167969e-01;-4.186505079269409180e-01
-5.329341888427734375e-01;2.522466778755187988e-01;-3.544895723462104797e-02
2.890822477638721466e-03;1.748421043157577515e-02;-1.657418012619018555e-01
-3.199155032634735107e-01;1.482921242713928223e-01;2.036161720752716064e-01
4.819583594799041748e-01;3.103164732456207275e-01;-2.450847923755645752e-01
-5.502058267593383789e-01;1.814922690391540527e-01;4.105205237865447998e-01
-2.115761786699295044e-01;5.542936921119689941e-01;4.048171043395996094e-01
2.493437081575393677e-01;5.236527323722839355e-01;3.937162160873413086e-01
-5.170912146568298340e-01;-4.959484934806823730e-01;-5.959076285362243652e-01
-4.375572800636291504e-01;-2.668021321296691895e-01;1.201971769332885742e-01
-2.238422781229019165e-01;-2.904341518878936768e-01;1.163834631443023682e-01
1.382858026772737503e-02;-3.130256831645965576e-01;-3.645966649055480957e-01
-5.391423702239990234e-01;2.838973402976989746e-01;-5.551323890686035156e-01
5.853787660598754883e-01;-2.333333790302276611e-01;-4.321499764919281006e-01
3.170414865016937256e-01;1.351619958877563477e-01;1.840958297252655029e-01
3.175941705703735352e-01;-4.983707144856452942e-02;4.421481788158416748e-01
2.813391983509063721e-01;-3.096946775913238525e-01;3.838354945182800293e-01
5.215865969657897949e-01;-2.775735259056091309e-01;-1.274645626544952393e-01
5.373264551162719727e-01;3.042817711830139160e-01;3.766610622406005859e-01
5.638917684555053711e-01;3.342421054840087891e-01;-2.665956318378448486e-01
-2.105677574872970581e-01;-3.027451634407043457e-01;-5.345531105995178223e-01
6.033884882926940918e-01;-1.003045067191123962e-01;3.566860258579254150e-01
-2.817567884922027588e-01;-3.022886216640472412e-01;3.694713115692138672e-01
2.832209691405296326e-02;-3.060725629329681396e-01;-5.466978624463081360e-02
5.955910682678222656e-01;1.079293563961982727e-01;-2.878154814243316650e-01
4.668092131614685059e-01;1.321022212505340576e-02;-5.999546647071838379e-01
-3.414761424064636230e-01;8.719630539417266846e-03;-1.388940811157226562e-01
2.374950796365737915e-02;4.668332636356353760e-01;3.974149823188781738e-01
-5.589168667793273926e-01;-6.557808071374893188e-02;3.788690865039825439e-01
3.514141440391540527e-01;1.275931298732757568e-02;-3.025008440017700195e-01
-3.141669631004333496e-01;2.636087834835052490e-01;2.432686239480972290e-01
5.803942084312438965e-01;2.945057302713394165e-02;7.231681048870086670e-02
-2.210745662450790405e-01;-2.859949767589569092e-01;-5.465044379234313965e-01
5.588129758834838867e-01;2.901722490787506104e-01;-5.823360756039619446e-02
1.027252450585365295e-01;-1.647274196147918701e-02;4.269905388355255127e-01
-4.171921014785766602e-01;2.146507054567337036e-02;-6.771202385425567627e-02
-3.488067388534545898e-01;9.421318769454956055e-03;-2.807707488536834717e-01
5.005812644958496094e-02;2.699590325355529785e-01;3.787985444068908691e-01
-5.157386660575866699e-01;2.927226722240447998e-01;-2.648458778858184814e-01
-5.102077126502990723e-01;-5.171943902969360352e-01;3.558027446269989014e-01
5.313003063201904297e-02;1.731992512941360474e-02;-5.252240970730781555e-02
5.190725326538085938e-01;4.402345716953277588e-01;4.044162333011627197e-01
-5.200244784355163574e-01;-2.653979659080505371e-01;-1.347337663173675537e-01
-5.226395130157470703e-01;-1.857143938541412354e-01;-5.802853107452392578e-01
3.870582282543182373e-01;1.965495198965072632e-02;-4.295985773205757141e-02
-4.799205958843231201e-01;1.046558395028114319e-01;-5.885936617851257324e-01
-4.999948143959045410e-01;-2.772609889507293701e-01;-3.167049586772918701e-01
1.902220845222473145e-01;-2.938008010387420654e-01;-5.379776954650878906e-01
-4.811779856681823730e-01;4.663471132516860962e-02;-2.395403385162353516e-01
-5.301038026809692383e-01;3.367688953876495361e-01;1.854571551084518433e-01
-4.744974076747894287e-01;4.957018196582794189e-01;3.826888501644134521e-01
5.723894834518432617e-01;-5.206785798072814941e-01;-6.146912574768066406e-01
5.505406260490417480e-01;-2.610362172126770020e-01;8.007176965475082397e-02
2.364756353199481964e-02;-4.322615638375282288e-02;-5.837400555610656738e-01
-2.643788158893585205e-01;-2.183154821395874023e-01;4.053944051265716553e-01
3.108193874359130859e-01;2.747546434402465820e-01;4.015223085880279541e-01
3.323845937848091125e-02;-6.641125679016113281e-02;4.200759828090667725e-01
2.256156802177429199e-01;-2.841698527336120605e-01;1.234324425458908081e-01
2.973288595676422119e-01;-2.923674136400222778e-02;-6.169704198837280273e-01
5.791466236114501953e-01;3.242550194263458252e-01;-5.392882227897644043e-01
