1.482943147420883179e-01;4.906566441059112549e-01;1.685157716274261475e-01
-3.140418529510498047e-01;-2.439098656177520752e-01;1.405923068523406982e-01
3.102935254573822021e-01;-8.409217000007629395e-01;1.569909304380416870e-01
1.624469608068466187e-01;-1.907591223716735840e-01;-9.603194892406463623e-02
2.963225245475769043e-01;-6.484742164611816406e-01;-4.257408380508422852e-01
-2.861028313636779785e-01;3.351583480834960938e-01;1.587282568216323853e-01
-2.009687200188636780e-02;-1.866072118282318115e-01;-6.344011425971984863e-02
-1.428796499967575073e-01;2.368752062320709229e-01;1.706162393093109131e-01
-8.710360527038574219e-02;3.966921865940093994e-01;1.787212640047073364e-01
-1.807693094015121460e-01;4.902550280094146729e-01;1.715706884860992432e-01
-1.377238184213638306e-01;7.457179427146911621e-01;1.641173064708709717e-01
1.280684173107147217e-01;7.214989662170410156e-01;1.741147786378860474e-01
-3.042030930519104004e-01;-8.381352424621582031e-01;-4.436763226985931396e-01
-3.068876862525939941e-01;-6.530227661132812500e-01;1.508256942033767700e-01
-1.505493521690368652e-01;-1.692918837070465088e-01;1.621619015932083130e-01
1.521368231624364853e-02;-1.814484596252441406e-01;-2.723067402839660645e-01
-3.075315654277801514e-01;-1.812234520912170410e-01;-2.294263392686843872e-01
2.941171228885650635e-01;-3.055255115032196045e-01;-4.176537692546844482e-01
1.451018303632736206e-01;4.596732556819915771e-01;1.694044768810272217e-01
1.440213620662689209e-01;1.800762712955474854e-01;1.731462329626083374e-01
2.981076538562774658e-01;-6.533215641975402832e-01;1.471849828958511353e-01
3.190708458423614502e-01;-1.721635013818740845e-01;1.116123795509338379e-01
2.979139685630798340e-01;6.026782393455505371e-01;1.435967385768890381e-01
2.599274814128875732e-01;9.215121716260910034e-02;1.607280373573303223e-01
-3.010622262954711914e-01;-5.008473992347717285e-01;-4.300503730773925781e-01
3.083083033561706543e-01;-2.865054607391357422e-01;1.399174481630325317e-01
-3.078595399856567383e-01;-4.495213925838470459e-01;1.454636752605438232e-01
4.340983182191848755e-02;-1.260303258895874023e-01;1.071848273277282715e-01
3.133585751056671143e-01;-1.842258721590042114e-01;-4.823565855622291565e-02
2.995623350143432617e-01;-1.632184237241744995e-01;-4.189457297325134277e-01
-1.719999909400939941e-01;-1.763351708650588989e-01;-5.211858078837394714e-02
2.303181681782007217e-03;7.398257851600646973e-01;1.750303357839584351e-01
-2.856890559196472168e-01;1.456602215766906738e-01;1.583952754735946655e-01
1.436322331428527832e-01;-1.862483620643615723e-01;-2.608538866043090820e-01
-1.704728454351425171e-01;5.818468928337097168e-01;1.664339303970336914e-01
2.864595055580139160e-01;7.329784333705902100e-03;1.426208168268203735e-01
-1.494971960783004761e-01;-1.762529313564300537e-01;-4.452873766422271729e-01
2.844653725624084473e-01;4.494854509830474854e-01;1.514724940061569214e-01
9.137531369924545288e-02;2.278609275817871094e-01;1.749298870563507080e-01
-2.984675765037536621e-01;4.284478724002838135e-03;1.597132086753845215e-01
-1.447365880012512207e-01;-1.761853992938995361e-01;-2.608951330184936523e-01
6.197099573910236359e-04;4.659427106380462646e-01;1.782799810171127319e-01
-3.095689117908477783e-01;-1.819232404232025146e-01;-2.678303048014640808e-02
-3.063657879829406738e-01;-8.155044317245483398e-01;1.487695723772048950e-01
5.799122154712677002e-02;-4.251959174871444702e-02;1.254533231258392334e-01
3.197697103023529053e-01;7.488974332809448242e-01;1.467627435922622681e-01
-3.126072585582733154e-01;-2.449402809143066406e-01;1.421145498752593994e-01
-2.903436422348022461e-01;-3.013573884963989258e-01;-4.169093370437622070e-01
1.244559139013290405e-01;-3.491147607564926147e-02;1.260608881711959839e-01
-3.040673136711120605e-01;-1.775680184364318848e-01;-4.262266457080841064e-01
-3.004489839076995850e-01;-6.584673523902893066e-01;-4.353509843349456787e-01
2.965552508831024170e-01;-4.969351887702941895e-01;-4.283675849437713623e-01
-1.834917962551116943e-01;-1.841644048690795898e-01;-9.472832083702087402e-02
-3.074060976505279541e-01;5.842224955558776855e-01;1.460081040859222412e-01
-3.222902417182922363e-01;7.333482503890991211e-01;1.382832378149032593e-01
2.937671840190887451e-01;-8.387131690979003906e-01;-4.423125386238098145e-01
3.068998456001281738e-01;-4.854750335216522217e-01;1.549896597862243652e-01
8.803303353488445282e-04;-1.817200481891632080e-01;-4.391342401504516602e-01
-1.635303497314453125e-01;-4.780389368534088135e-03;1.864645630121231079e-01
1.471600681543350220e-01;5.821769833564758301e-01;1.703431308269500732e-01
-1.728324033319950104e-02;-7.019795477390289307e-02;1.677131801843643188e-01
1.469448357820510864e-01;-4.625299572944641113e-02;1.525143682956695557e-01
1.413780897855758667e-01;-1.679348349571228027e-01;-4.167254567146301270e-01
3.106791973114013672e-01;-1.811974048614501953e-01;-2.126304209232330322e-01
